19
421 123 348 269 59 108 64 121
423 1 348 269 59 108 64 121
262 373 348 269 57 108 66 121
220 249 348 269 57 107 66 123
193 373 348 269 55 107 68 123
151 249 348 269 55 107 68 123
153 1 348 269 54 107 70 123
151 125 348 269 52 107 72 123
78 125 348 269 52 107 72 123
78 1 348 269 50 107 74 123
76 267 348 269 50 107 74 125
1 267 348 269 50 104 74 129
1 135 348 269 48 103 76 131
1 1 348 269 48 102 76 133
224 1 95 95 0 11 91 73
329 69 95 95 0 14 91 67
329 1 95 95 0 14 93 67
97 393 95 95 0 11 95 73
1 397 95 95 0 8 95 79
