38
1 489 269 269 105 159 63 99
1 391 269 269 106 161 69 97
259 107 269 269 111 161 71 97
77 221 269 269 121 165 71 93
1 203 269 269 120 171 75 87
81 135 269 269 120 173 77 85
1 291 269 269 99 159 69 99
205 397 269 269 86 165 63 93
349 371 269 269 92 161 59 97
269 403 269 269 103 157 55 101
1 589 269 269 106 149 61 99
285 305 269 269 108 125 63 97
431 273 269 269 114 90 63 97
159 145 269 269 116 56 71 93
181 55 269 269 114 27 77 89
93 55 269 269 112 14 87 79
1 55 269 269 109 20 91 67
203 1 269 269 101 68 99 53
401 105 269 269 99 131 93 71
1 123 269 269 103 185 79 79
401 53 269 269 94 215 95 51
303 53 269 269 92 204 97 53
103 1 269 269 88 185 99 53
403 1 269 269 88 177 99 51
303 1 269 269 89 197 99 51
1 1 269 269 88 216 101 53
71 413 269 269 104 156 63 99
367 273 269 269 105 154 63 97
219 303 269 269 106 155 65 93
401 177 269 269 105 155 69 95
71 315 269 269 107 158 69 97
149 239 269 269 108 161 69 97
331 107 269 269 107 158 69 99
231 205 269 269 105 156 69 97
301 207 269 269 106 154 65 97
141 337 269 269 105 154 63 99
135 437 269 269 105 156 61 101
65 513 269 269 104 159 61 99
