38
454 489 348 269 149 101 104 159
1 199 348 269 127 85 112 175
1 1 348 269 50 63 164 197
1 375 348 269 34 91 196 169
559 479 348 269 36 109 192 151
684 159 348 269 43 109 184 151
661 319 348 269 42 109 186 151
476 321 348 269 47 103 184 157
1 545 348 269 62 97 166 163
1 709 348 269 73 97 150 163
496 853 348 269 86 91 138 161
593 1 348 269 88 74 136 157
541 161 348 269 88 47 142 157
557 649 348 269 91 22 156 153
1 873 348 269 94 5 152 145
154 873 348 269 95 4 172 133
327 873 348 269 99 16 168 127
635 803 348 269 109 34 156 127
869 1 348 269 109 38 154 151
114 199 348 269 110 79 140 165
730 1 348 269 111 118 130 151
848 311 348 269 100 170 164 99
792 739 348 269 99 156 162 99
752 517 348 269 100 136 158 105
714 631 348 269 99 150 158 107
848 411 348 269 101 164 162 105
168 545 348 269 82 96 134 163
295 709 348 269 91 94 120 163
166 1 348 269 98 91 114 165
198 365 348 269 94 94 120 163
255 167 348 269 87 98 128 161
416 691 348 269 82 99 140 161
442 1 348 269 81 97 150 159
384 161 348 269 82 93 156 159
281 1 348 269 81 91 160 159
319 329 348 269 81 93 156 159
303 529 348 269 78 96 150 161
152 709 348 269 81 97 142 163
