43
281 199 269 269 100 189 75 59
357 203 269 269 104 158 73 61
351 321 269 269 109 119 69 65
71 457 269 269 115 77 65 69
209 481 269 269 123 41 59 73
363 443 269 269 124 16 57 75
421 483 269 269 118 10 59 75
1 489 269 269 108 41 61 75
141 445 269 269 99 111 67 65
429 315 269 269 96 174 71 57
277 315 269 269 94 204 73 55
355 265 269 269 94 197 73 55
431 259 269 269 94 185 73 55
431 203 269 269 94 178 73 55
203 277 269 269 94 193 73 55
281 259 269 269 94 206 73 55
231 427 269 269 99 206 69 53
71 401 269 269 98 204 69 55
351 387 269 269 98 204 69 55
161 389 269 269 99 204 69 55
231 371 269 269 98 204 69 55
1 379 269 269 98 204 69 55
91 345 269 269 98 204 69 55
161 333 269 269 98 204 69 55
91 289 269 269 98 204 69 55
421 373 269 269 98 204 69 55
421 429 269 269 98 206 69 53
1 435 269 269 98 206 69 53
301 371 269 269 111 224 49 35
301 443 269 269 106 199 61 61
203 199 269 269 99 184 77 77
1 109 269 269 86 178 101 83
361 107 269 269 81 166 111 95
249 99 269 269 81 161 111 99
249 1 269 269 73 162 119 97
1 1 269 269 65 162 127 107
129 1 269 269 73 162 119 107
369 1 269 269 81 164 111 105
103 185 269 269 90 166 99 103
1 283 269 269 85 171 89 95
1 193 269 269 80 180 97 89
103 109 269 269 77 188 101 75
137 511 269 269 125 216 59 53
