48
598 133 348 269 105 130 100 131
288 815 348 269 105 133 100 129
630 1 348 269 107 131 98 131
499 135 348 269 110 124 98 133
94 877 348 269 122 109 92 137
1 877 348 269 128 96 92 139
225 545 348 269 130 91 96 135
322 545 348 269 129 89 104 133
517 1 348 269 131 94 112 131
389 815 348 269 133 109 120 121
690 265 348 269 137 126 122 111
893 1 348 269 136 139 124 105
893 107 348 269 138 147 112 105
802 1 348 269 138 147 90 109
638 379 348 269 139 140 72 113
729 1 348 269 139 138 72 111
599 515 348 269 139 134 72 113
617 265 348 269 139 136 72 113
565 401 348 269 139 140 72 113
427 543 348 269 139 141 72 115
390 679 348 269 104 130 100 121
500 543 348 269 106 111 98 113
699 133 348 269 107 78 104 111
180 177 348 269 103 46 116 147
1 565 348 269 108 21 118 171
1 389 348 269 123 8 106 175
108 389 348 269 120 10 108 163
491 659 348 269 110 51 124 113
510 773 348 269 105 85 144 103
168 1 348 269 105 71 148 175
1 1 348 269 104 63 166 203
1 205 348 269 104 77 178 183
1 737 348 269 104 111 180 139
388 445 348 269 102 148 176 97
217 461 348 269 100 173 170 83
389 937 348 269 99 185 168 83
417 269 348 269 107 127 98 133
217 325 348 269 107 122 98 135
297 177 348 269 106 121 102 133
187 825 348 269 106 122 100 135
418 1 348 269 107 127 98 133
516 269 348 269 106 130 100 131
317 1 348 269 105 127 100 133
285 681 348 269 106 123 104 133
120 553 348 269 107 119 104 135
182 689 348 269 107 121 102 135
400 135 348 269 107 126 98 133
316 311 348 269 106 128 100 133
