49
437 689 269 269 71 99 141 123
725 781 269 269 70 102 139 123
865 815 269 269 71 109 139 119
1 611 269 269 70 116 143 115
849 559 269 269 70 123 145 109
1 377 269 269 74 129 145 105
147 477 269 269 81 134 145 101
293 471 269 269 89 131 145 103
147 371 269 269 96 125 145 105
749 669 269 269 98 118 143 111
635 1 269 269 79 108 151 129
1 127 269 269 46 110 165 135
213 121 269 269 8 114 197 135
425 1 269 269 0 121 209 131
1 1 269 269 0 124 211 125
213 1 269 269 0 133 211 119
557 351 269 269 65 133 145 113
703 337 269 269 66 131 145 113
411 249 269 269 68 116 145 115
145 579 269 269 70 106 143 115
557 235 269 269 73 89 145 115
787 111 269 269 82 75 149 109
1 263 269 269 100 60 145 113
451 813 269 269 124 45 131 135
107 851 269 269 126 37 105 145
893 669 269 269 84 38 121 145
583 683 269 269 46 57 141 135
289 691 269 269 35 89 141 121
783 221 269 269 41 122 145 115
787 1 269 269 54 147 149 109
635 131 269 269 64 152 147 103
849 337 269 269 64 145 145 111
1 483 269 269 61 129 143 127
317 819 269 269 65 115 133 139
1 851 269 269 80 105 105 149
213 821 269 269 90 116 103 145
937 1 77 24 1 6 75 12
439 569 269 269 70 103 143 119
145 695 269 269 71 100 139 125
583 819 269 269 71 104 137 125
1 727 269 269 71 111 139 123
605 561 269 269 70 116 143 121
411 133 269 269 70 123 145 115
703 451 269 269 71 128 145 109
459 465 269 269 71 131 145 103
313 365 269 269 71 124 145 105
849 449 269 269 71 116 145 109
167 257 269 269 70 109 145 113
293 575 269 269 70 106 143 115
