26
796 638 760 570 60 206 174 146
604 358 760 570 53 206 188 146
0 182 760 570 39 208 208 138
208 214 760 570 40 206 208 114
210 74 760 570 40 206 208 140
206 560 760 570 41 208 206 146
412 600 760 570 59 206 176 86
602 890 760 570 49 206 194 114
594 504 760 570 46 208 196 140
412 460 760 570 53 208 182 140
400 890 760 570 43 209 202 116
0 74 760 570 39 212 210 108
796 358 760 570 41 209 206 110
0 554 760 570 41 209 206 168
796 468 760 570 42 207 204 170
772 0 760 570 36 208 212 166
772 166 760 570 38 211 210 192
204 722 760 570 46 211 196 222
412 356 760 570 52 214 184 104
400 706 760 570 42 208 204 184
0 722 760 570 42 209 204 226
206 328 760 570 42 198 206 232
0 320 760 570 42 197 206 234
534 0 760 570 26 135 238 356
0 0 760 570 112 121 534 74
0 948 760 570 56 196 180 46
