43
1 497 269 269 79 177 77 83
335 385 269 269 83 173 73 87
453 77 269 269 104 151 57 109
83 471 269 269 108 154 77 105
1 93 269 269 110 164 89 95
79 577 269 269 99 142 61 117
229 81 269 269 50 157 107 103
1 1 269 269 41 172 113 91
115 1 269 269 41 178 113 83
229 1 269 269 41 181 113 79
343 1 269 269 41 186 113 75
343 77 269 269 46 187 109 73
115 85 269 269 60 183 95 77
1 417 269 269 75 180 81 79
235 525 269 269 83 179 73 81
415 347 269 269 82 170 75 81
321 473 269 269 84 148 73 81
247 439 269 269 85 116 73 85
259 271 269 269 87 85 75 85
335 301 269 269 88 59 79 83
179 185 269 269 89 46 85 75
337 151 269 269 90 48 89 71
173 261 269 269 102 75 85 69
85 387 269 269 100 118 81 83
91 163 269 269 91 183 87 69
419 269 269 269 92 185 81 77
171 331 269 269 92 184 83 73
1 265 269 269 91 179 85 71
87 233 269 269 91 174 85 71
1 189 269 269 92 176 85 75
335 223 269 269 93 182 83 77
161 571 269 269 86 178 69 81
1 667 269 269 94 175 61 83
395 511 269 269 98 173 57 87
1 581 269 269 94 173 61 85
265 185 269 269 87 175 69 85
161 487 269 269 84 177 73 83
167 405 269 269 80 176 79 81
87 305 269 269 78 174 83 81
427 187 269 269 79 173 83 81
1 337 269 269 77 176 83 79
255 357 269 269 79 177 79 81
409 429 269 269 83 179 73 81
