49
409 1 95 95 25 25 43 35
249 461 95 95 25 20 43 35
249 425 95 95 25 17 43 35
365 1 95 95 25 15 43 35
343 67 95 95 25 14 43 35
267 209 95 95 25 15 43 35
307 135 95 95 25 18 43 35
139 467 95 95 24 23 45 35
267 173 95 95 25 27 43 35
257 293 95 95 25 31 43 35
47 469 95 95 24 35 45 35
257 257 95 95 25 39 43 35
217 389 95 95 25 42 43 35
217 353 95 95 25 45 43 35
213 293 95 95 25 46 43 35
213 257 95 95 25 46 43 35
321 1 95 95 25 44 43 35
1 469 95 95 24 41 45 35
277 1 95 95 25 37 43 35
263 137 95 95 25 31 43 35
237 329 269 269 113 230 23 23
213 329 269 269 119 223 23 23
93 467 269 269 123 218 45 43
213 137 269 269 122 210 49 45
155 143 269 269 116 204 57 45
185 447 269 269 110 197 63 61
273 69 269 269 104 189 69 65
207 1 269 269 104 182 69 67
145 277 269 269 107 176 67 85
147 191 269 269 114 170 61 85
73 379 269 269 98 163 77 87
77 97 269 269 99 158 77 93
1 193 269 269 99 153 77 93
1 1 269 269 98 149 77 95
1 97 269 269 99 144 75 95
79 1 269 269 98 142 75 91
1 287 269 269 99 136 73 91
1 379 269 269 98 133 71 89
75 287 269 269 98 130 69 87
79 191 269 269 98 127 67 85
151 363 269 269 98 124 65 83
211 69 269 269 100 135 61 67
209 189 269 269 102 130 57 67
155 73 269 269 103 125 55 69
155 1 269 269 106 121 51 71
277 37 269 269 120 158 39 29
317 37 269 269 143 153 19 29
337 37 269 269 146 149 15 29
79 277 269 269 147 164 9 9
