20
215 59 141 141 60 53 21 35
215 23 141 141 59 53 23 35
1 392 141 141 46 49 47 49
1 345 134 134 41 38 58 46
76 290 134 134 37 34 66 52
1 284 134 134 33 29 74 60
1 126 134 134 29 21 82 74
1 201 134 134 33 18 78 82
86 69 134 134 27 20 84 80
1 43 134 134 27 22 84 82
171 95 134 134 27 26 80 74
84 150 134 134 27 27 80 70
165 170 134 134 30 26 78 70
80 221 134 134 33 28 74 68
76 343 141 141 41 38 65 65
155 241 141 141 35 37 71 73
143 315 141 141 38 27 65 87
111 1 141 141 19 36 103 67
215 1 141 141 53 60 31 21
1 1 141 141 16 55 109 41
