43
246 617 348 269 127 150 78 109
1 869 348 269 132 152 74 107
439 219 348 269 136 154 72 105
1 765 348 269 141 156 76 103
402 647 348 269 147 158 70 101
242 727 348 269 147 158 72 101
149 847 348 269 147 158 72 101
76 869 348 269 147 158 72 101
106 305 348 269 118 156 98 103
339 1 348 269 65 152 148 107
1 1 348 269 36 150 176 109
178 1 348 269 50 150 160 109
339 109 348 269 81 150 126 109
1 325 348 269 112 150 92 109
80 739 348 269 126 152 78 107
420 537 348 269 126 141 78 109
82 631 348 269 127 122 80 107
177 431 348 269 128 97 82 103
409 325 348 269 130 68 86 101
215 223 348 269 134 47 100 95
334 219 348 269 135 37 104 87
1 249 348 269 137 46 104 75
110 223 348 269 133 70 104 81
316 307 348 269 133 116 92 91
325 647 348 269 137 156 76 97
223 169 348 269 113 208 110 53
223 111 348 269 113 200 110 57
1 111 348 269 112 183 110 65
1 177 348 269 114 174 108 71
112 111 348 269 112 192 110 59
112 171 348 269 113 210 110 51
341 537 348 269 126 149 78 109
260 507 348 269 126 147 80 109
84 519 348 269 128 143 80 111
205 319 348 269 128 145 82 111
1 435 348 269 129 149 82 109
94 409 348 269 130 150 82 109
288 399 348 269 129 149 82 107
371 427 348 269 129 144 80 109
165 535 348 269 128 144 80 107
1 545 348 269 126 144 80 109
163 643 348 269 126 149 78 107
1 655 348 269 125 150 78 109
