69
2037 1 348 269 170 58 6 9
274 1463 348 269 141 17 66 89
1403 619 348 269 107 0 134 149
995 1613 348 269 75 0 198 193
353 1375 348 269 42 0 264 237
725 314 348 269 9 0 330 253
390 314 348 269 8 0 334 253
389 568 348 269 13 0 324 253
714 568 348 269 18 0 314 253
1 926 348 269 23 0 304 253
686 822 348 269 29 0 294 253
361 1125 348 269 32 0 284 249
1 1180 348 269 37 0 274 243
679 1377 348 269 42 0 264 235
1148 619 348 269 47 0 254 227
339 1613 348 269 51 0 242 221
582 1613 348 269 57 0 236 213
1546 1541 348 269 63 0 230 179
1403 801 348 269 57 0 236 141
1777 955 348 269 51 0 248 135
1546 619 269 269 65 88 141 181
1884 290 269 269 63 84 143 185
1153 1080 269 269 52 80 165 189
1194 1565 269 269 48 78 173 191
819 1613 269 269 48 72 175 197
788 1827 269 269 48 68 175 201
258 1836 269 269 48 64 175 205
1694 795 269 269 48 110 175 159
1872 767 269 269 48 106 175 163
1694 619 269 269 46 94 177 175
1368 1565 269 269 46 84 177 185
1016 886 269 269 46 76 177 193
434 1835 269 269 48 66 175 203
610 1827 269 269 46 56 177 213
1120 1341 269 269 46 46 177 223
964 1811 269 269 46 38 177 231
944 1377 269 269 48 34 175 235
975 1103 269 269 46 32 177 237
1142 1807 269 269 46 32 177 237
646 1125 474 316 246 0 32 280
981 822 474 316 245 0 34 280
320 878 474 316 241 0 40 280
334 597 474 316 238 0 46 280
334 316 474 316 233 0 54 280
274 1553 474 316 228 0 64 282
276 1180 474 316 222 0 76 282
1056 314 474 316 216 0 88 284
1524 955 474 316 208 0 104 284
1029 599 474 316 201 0 118 286
1320 1757 474 316 193 0 134 288
1884 1 474 316 184 0 152 288
1876 476 474 316 176 0 168 290
1519 1248 474 316 167 0 186 292
1319 955 474 316 158 0 204 292
1298 1270 474 316 150 0 220 294
1455 1751 474 316 141 0 238 296
1 1723 474 316 132 0 256 298
1 1424 474 316 124 0 272 298
686 1076 474 316 116 0 288 300
381 822 474 316 108 0 304 302
1 621 474 316 101 0 318 304
1 316 474 316 94 0 332 304
1150 312 474 316 89 0 342 306
1521 310 474 316 83 0 354 308
1521 1 474 316 79 0 362 308
1150 1 474 316 75 0 370 310
773 1 474 316 72 0 376 312
390 1 474 316 71 0 382 312
1 1 474 316 70 0 388 314
