38
95 657 269 269 83 165 93 93
1 817 269 269 85 167 91 91
91 909 269 269 87 171 89 87
383 549 269 269 90 171 93 87
297 453 269 269 91 172 95 87
1 725 269 269 84 167 93 91
289 1 269 269 50 163 125 95
153 1 269 269 37 168 135 91
1 1 269 269 25 163 151 95
99 461 269 269 81 163 95 95
191 597 269 269 81 153 93 93
1 909 269 269 81 126 89 91
329 263 269 269 81 88 101 93
1 163 269 269 80 47 111 95
153 93 269 269 76 21 117 83
1 97 269 269 72 8 115 65
223 179 269 269 71 0 109 61
213 321 269 269 75 10 101 79
111 263 269 269 75 42 101 101
1 341 269 269 73 108 101 95
333 179 269 269 72 172 105 83
383 97 269 269 69 178 111 81
1 259 269 269 72 170 109 81
223 241 269 269 76 168 105 79
113 177 269 269 73 168 109 85
271 97 269 269 71 181 111 81
289 541 269 269 83 163 93 95
1 627 269 269 83 159 93 97
97 557 269 269 84 157 93 99
195 497 269 269 84 158 93 99
393 453 269 269 83 163 93 95
1 533 269 269 81 165 95 93
315 357 269 269 80 161 97 95
1 437 269 269 80 158 97 95
103 365 269 269 80 156 97 95
201 401 269 269 81 158 95 95
413 357 269 269 81 161 95 95
415 1 269 269 81 163 95 95
