78
309 709 348 269 130 164 34 51
281 855 348 269 135 148 34 51
470 375 348 269 140 124 36 51
470 323 348 269 147 97 36 51
470 427 348 269 156 72 36 49
142 325 348 269 162 53 44 45
455 701 348 269 166 42 50 39
402 701 348 269 168 39 52 35
446 741 348 269 168 42 50 37
469 477 348 269 167 54 42 47
176 857 348 269 167 71 34 53
98 339 348 269 158 97 42 49
455 665 348 269 146 132 52 35
344 709 348 269 145 170 50 39
471 271 348 269 156 206 36 51
246 855 348 269 130 164 34 51
152 225 348 269 133 148 36 51
211 857 348 269 141 124 34 51
152 173 348 269 147 97 36 51
471 219 348 269 154 70 38 51
142 277 348 269 162 51 44 47
125 875 348 269 166 42 50 39
402 665 348 269 168 39 52 35
395 737 348 269 168 42 50 37
349 495 348 269 167 54 42 47
469 525 348 269 167 71 34 53
349 447 348 269 158 99 42 47
176 741 348 269 146 132 52 35
74 875 348 269 145 170 50 39
152 121 348 269 156 206 36 51
1 487 348 269 117 178 86 79
187 363 348 269 108 180 92 77
1 339 348 269 100 184 96 73
302 305 348 269 98 186 96 71
224 777 348 269 127 179 72 77
82 583 348 269 136 186 80 69
1 413 348 269 141 187 88 73
280 377 348 269 137 186 86 69
297 767 348 269 133 180 72 75
236 687 348 269 132 178 72 79
141 915 348 269 133 178 68 79
153 777 348 269 133 178 70 79
210 911 348 269 133 180 72 77
250 609 348 269 133 180 78 77
98 389 348 269 131 150 88 107
187 441 348 269 132 120 80 137
399 305 348 269 131 102 70 155
80 739 348 269 132 122 72 135
1 649 348 269 129 158 78 99
427 1 348 269 122 176 82 81
329 629 348 269 133 167 72 79
72 917 348 269 140 140 68 83
88 497 348 269 141 106 80 85
189 275 348 269 144 70 112 87
332 219 348 269 147 40 138 85
189 123 348 269 146 23 150 79
359 83 348 269 142 23 152 79
1 121 348 269 138 58 150 85
189 203 348 269 138 118 142 71
1 269 348 269 139 178 140 69
340 163 348 269 134 204 146 55
1 207 348 269 130 202 150 61
190 61 348 269 125 193 168 61
1 57 348 269 124 188 188 63
220 1 348 269 124 197 206 59
1 1 348 269 126 205 218 55
159 659 348 269 126 174 76 81
1 833 348 269 130 170 72 83
1 917 348 269 132 167 70 85
1 749 348 269 130 170 72 83
392 461 348 269 126 174 76 81
169 579 348 269 124 178 80 79
268 447 348 269 126 174 80 81
428 579 348 269 130 167 78 85
349 543 348 269 131 165 78 85
80 653 348 269 130 167 78 85
1 567 348 269 125 174 80 81
268 529 348 269 124 178 80 79
