73
621 647 269 269 104 153 59 105
225 293 269 269 106 155 69 103
581 363 269 269 109 165 85 93
431 289 269 269 112 171 97 87
887 305 269 269 114 179 103 79
669 299 269 269 114 183 105 75
781 225 269 269 114 177 105 81
675 209 269 269 114 169 105 89
775 371 269 269 113 159 99 99
833 497 269 269 107 145 79 113
363 445 269 269 97 131 65 127
295 341 269 269 85 121 67 137
913 607 269 269 76 109 73 149
529 289 269 269 102 151 51 107
751 595 269 269 103 153 57 105
429 549 269 269 104 141 63 107
495 503 269 269 108 115 63 107
293 479 269 269 113 80 65 107
431 377 269 269 117 49 67 101
667 453 269 269 115 29 83 87
667 375 269 269 112 16 95 77
875 385 269 269 108 20 99 67
887 251 269 269 102 63 105 53
331 271 269 269 98 119 99 69
587 165 269 269 102 166 87 79
921 71 269 269 96 212 101 51
367 165 269 269 91 209 109 51
677 155 269 269 88 201 111 53
475 235 269 269 88 198 107 53
789 171 269 269 87 205 109 53
367 217 269 269 88 211 107 53
975 385 269 269 113 170 47 93
681 651 269 269 111 144 55 97
629 541 269 269 110 120 63 105
153 293 269 269 107 102 71 111
583 245 269 269 100 89 85 117
921 123 269 269 94 78 99 127
807 27 269 269 87 74 113 143
677 1 269 269 79 78 129 153
535 1 269 269 70 82 141 163
1 201 269 269 65 85 151 179
173 115 269 269 62 92 157 177
369 1 269 269 58 106 165 163
1 93 269 269 55 126 171 107
189 1 269 269 51 149 179 113
1 1 269 269 48 178 187 91
331 209 269 269 127 158 35 45
331 159 269 269 128 141 35 49
975 479 269 269 126 117 45 65
809 611 269 269 124 91 55 69
751 523 269 269 122 65 77 71
929 1 269 269 121 44 91 69
775 307 269 269 118 29 103 63
477 165 269 269 118 25 109 35
477 201 269 269 116 27 109 33
875 453 269 269 116 30 99 43
751 471 269 269 116 42 81 51
429 479 269 269 116 51 65 69
809 681 269 269 116 73 51 83
331 115 269 269 119 157 37 43
807 1 269 269 74 240 121 25
483 721 269 269 103 148 57 107
423 657 269 269 104 142 59 109
559 567 269 269 104 141 61 107
359 573 269 269 105 145 63 105
363 341 269 269 104 152 67 103
225 397 269 269 106 157 67 101
499 397 269 269 106 152 65 105
565 457 269 269 105 144 63 109
913 497 269 269 104 141 61 109
493 611 269 269 103 144 59 109
693 541 269 269 103 148 57 109
553 675 269 269 103 151 57 107
