29
419 1 269 269 65 106 133 163
281 517 269 269 67 102 131 163
287 1 269 269 68 90 131 165
387 681 269 269 70 79 129 163
387 845 269 269 63 69 145 161
413 517 269 269 58 61 157 161
277 353 269 269 55 55 165 163
517 679 269 269 52 62 169 159
549 165 269 269 57 83 167 145
727 1 269 269 60 111 167 125
533 839 269 269 66 106 159 153
389 167 269 269 65 106 159 163
443 331 269 269 66 111 159 151
717 141 269 269 54 126 171 129
553 1 269 269 56 123 173 139
603 311 269 269 71 135 171 129
571 483 269 269 85 135 167 133
1 561 269 269 63 85 137 183
1 189 269 269 57 78 147 187
1 1 269 269 56 77 151 187
1 377 269 269 58 83 147 183
139 561 269 269 61 91 141 177
153 1 269 269 65 94 133 175
149 367 269 269 70 89 127 175
267 177 269 269 74 81 121 175
149 189 269 269 77 77 117 177
265 739 269 269 74 78 121 177
135 745 269 269 68 85 129 179
1 745 269 269 65 87 133 181
