30
1957 715 823 269 455 127 87 131
1963 489 823 269 469 125 77 133
223 949 823 269 472 121 91 137
561 871 823 269 473 117 119 141
561 725 823 269 472 113 143 145
1025 493 823 269 472 107 151 151
967 813 823 269 469 100 147 159
1025 645 823 269 456 92 147 167
1173 731 823 269 433 86 185 173
1 949 823 269 412 79 221 181
329 725 823 269 418 71 231 189
329 915 823 269 440 63 225 197
707 707 823 269 443 56 259 205
707 493 823 269 444 48 317 213
1 493 823 269 442 42 357 219
1597 489 823 269 438 36 365 225
359 493 823 269 431 31 347 231
1 713 823 269 421 27 327 235
1597 715 823 269 399 23 359 239
1203 489 823 269 373 21 393 241
1203 247 823 269 378 21 395 241
1655 1 823 269 403 19 377 243
1655 245 823 269 424 19 369 243
807 247 823 269 428 17 395 245
407 247 823 269 424 17 399 245
1 247 823 269 418 17 405 245
1247 1 823 269 416 17 407 245
837 1 823 269 412 17 409 245
423 1 823 269 401 17 413 245
1 1 823 269 393 17 421 245
