34
142 361 348 269 133 186 94 77
223 455 348 269 115 149 124 115
829 311 348 269 103 122 142 141
1 479 348 269 105 155 138 111
1 361 348 269 106 145 140 117
830 167 348 269 98 111 150 143
834 1 348 269 79 79 182 165
248 307 348 269 72 91 202 147
541 295 348 269 60 85 226 149
1 167 348 269 50 44 246 193
280 157 348 269 43 88 260 149
559 151 348 269 38 76 270 143
559 1 348 269 36 63 274 149
280 1 348 269 34 51 278 155
1 1 348 269 33 40 278 165
768 373 348 269 143 121 60 71
678 519 348 269 143 112 62 73
678 445 348 269 141 104 64 73
743 445 348 269 142 93 62 77
768 295 348 269 143 85 60 77
151 627 348 269 141 76 64 79
607 445 348 269 138 67 70 81
78 627 348 269 137 57 72 83
221 571 348 269 137 49 72 85
427 495 348 269 136 42 74 85
1 591 348 269 135 34 76 87
348 547 348 269 137 26 72 89
1 679 348 269 138 20 70 91
532 445 348 269 136 15 74 91
348 455 348 269 134 11 78 91
140 533 348 269 133 6 80 93
142 439 348 269 133 4 80 93
451 401 348 269 133 2 80 93
451 307 348 269 133 2 80 93
