34
335 547 179 269 36 158 101 111
393 871 179 269 44 182 85 87
281 887 179 269 46 182 81 87
83 921 179 269 48 180 77 89
1 921 179 269 46 178 81 91
91 805 179 269 43 176 87 93
193 801 179 269 43 172 87 97
305 787 179 269 43 170 87 99
405 659 179 269 42 166 89 103
101 697 179 269 41 161 91 107
405 763 179 269 43 157 87 107
1 811 179 269 44 152 85 109
1 699 179 269 42 146 89 111
207 687 179 269 38 140 97 113
207 571 179 269 37 134 99 115
1 579 179 269 37 126 99 119
231 451 179 269 35 121 103 119
1 455 179 269 33 113 105 123
107 571 179 269 37 106 99 125
307 659 179 269 38 99 97 127
361 417 179 269 35 93 103 129
119 439 179 269 31 86 111 131
395 283 179 269 29 79 115 133
395 145 179 269 29 71 115 137
129 299 179 269 26 64 119 139
129 157 179 269 25 58 121 141
395 1 179 269 28 51 115 143
249 305 179 269 30 45 111 145
1 307 179 269 28 39 117 147
1 157 179 269 22 33 127 149
265 153 179 269 21 28 129 151
265 1 179 269 21 24 129 151
133 1 179 269 20 18 131 155
1 1 179 269 20 15 131 155
