20
273 228 395 316 9 0 73 58
501 824 395 316 11 0 89 84
487 423 395 316 13 0 105 112
373 836 395 316 15 0 127 136
131 842 395 316 17 0 131 162
383 548 395 316 19 0 149 188
361 1 395 316 20 0 163 216
201 296 395 316 21 0 175 240
1 575 395 316 24 0 189 266
1 1 395 316 25 0 207 294
1 296 395 316 33 15 199 278
191 575 395 316 38 31 191 260
209 1 395 316 79 66 151 226
377 218 395 316 87 89 145 204
1 842 395 316 103 119 129 174
263 836 395 316 120 139 109 152
377 423 395 316 121 168 109 124
383 737 395 316 137 197 95 96
479 737 395 316 159 207 73 86
209 228 395 316 166 225 63 66
