43
199 157 269 269 97 109 77 151
101 159 269 269 86 105 97 155
1 161 269 269 95 103 99 157
1 477 269 269 99 105 103 155
275 1 269 269 99 111 109 149
329 617 269 269 100 115 111 145
87 633 269 269 100 107 85 153
349 763 269 269 41 135 123 125
469 245 269 269 31 163 133 99
419 443 269 269 31 157 133 107
521 1 269 269 33 156 131 109
451 889 269 269 39 147 125 113
353 151 269 269 63 127 101 133
339 459 269 269 85 115 79 145
277 151 269 269 95 111 75 149
191 315 269 269 97 102 77 151
1 789 269 269 103 80 79 155
1 319 269 269 105 54 89 157
91 319 269 269 108 31 99 155
81 789 269 269 107 13 111 153
345 301 269 269 104 14 123 141
385 1 269 269 97 24 135 131
455 133 269 269 79 61 151 111
805 1 269 269 76 115 145 77
469 345 269 269 66 157 145 85
603 245 269 269 58 183 149 81
653 1 269 269 57 176 151 77
607 111 269 269 58 155 149 79
303 925 269 269 60 138 147 85
153 943 269 269 58 165 149 79
1 945 269 269 56 187 151 77
183 475 269 269 94 110 77 151
187 1 269 269 86 107 87 155
1 1 269 269 83 104 93 159
95 1 269 269 84 106 91 157
1 633 269 269 91 107 85 155
105 475 269 269 99 107 77 153
173 629 269 269 99 107 77 151
261 467 269 269 98 105 77 149
251 627 269 269 97 104 77 149
271 777 269 269 95 107 77 147
193 781 269 269 94 109 77 149
269 309 269 269 95 111 75 149
