49
543 553 269 269 78 102 133 119
343 789 269 269 77 105 131 119
537 673 269 269 78 112 131 115
1 465 269 269 79 119 133 111
883 367 269 269 78 126 135 105
137 365 269 269 81 133 135 99
273 459 269 269 88 137 135 97
1 365 269 269 96 133 135 99
697 455 269 269 103 127 135 101
425 409 269 269 105 122 135 103
1 239 269 269 78 111 151 125
209 129 269 269 46 113 165 131
419 1 269 269 9 117 195 131
211 1 269 269 0 124 207 127
1 117 269 269 0 127 207 121
1 1 269 269 0 136 209 115
749 239 269 269 73 136 135 109
885 259 269 269 73 136 135 107
613 233 269 269 75 121 135 109
375 133 269 269 77 109 135 111
135 575 269 269 84 92 133 109
289 355 269 269 94 79 135 103
269 557 269 269 110 65 133 109
99 805 269 269 129 47 123 133
511 133 269 269 127 47 101 133
223 805 269 269 84 49 119 131
755 1 269 269 46 64 137 125
615 1 269 269 36 94 139 113
611 343 269 269 44 127 135 107
1 577 269 269 58 146 133 107
403 637 269 269 67 153 133 99
135 465 269 269 67 143 133 109
409 513 269 269 63 129 133 123
893 123 269 269 69 116 123 135
511 267 269 269 83 109 99 141
1 789 269 269 94 119 97 135
289 261 77 24 1 1 75 22
677 557 269 269 78 106 133 115
269 667 269 269 78 103 131 121
893 1 269 269 79 108 129 121
99 685 269 269 78 114 131 119
615 115 269 269 77 119 135 117
751 127 269 269 78 126 135 111
153 261 269 269 78 133 135 103
833 473 269 269 78 134 135 99
561 451 269 269 78 128 135 101
747 349 269 269 78 119 135 105
375 245 269 269 78 112 135 109
811 573 269 269 79 109 133 111
