25
258 522 760 570 550 358 104 158
258 680 760 570 550 380 104 136
406 44 760 570 494 187 44 44
362 44 760 570 494 187 44 44
406 0 760 570 668 187 44 44
362 0 760 570 668 187 44 44
14 986 760 570 687 154 30 32
0 0 760 570 430 31 330 522
0 522 760 570 474 70 258 464
330 180 760 570 493 155 222 60
702 120 760 570 493 155 222 60
480 120 760 570 493 228 222 60
702 60 760 570 493 228 222 60
480 60 760 570 493 301 222 60
702 0 760 570 493 301 222 60
480 0 760 570 493 374 222 60
258 936 760 570 493 374 222 60
258 876 760 570 493 447 222 60
258 816 760 570 493 447 222 60
74 1004 760 570 549 218 14 10
58 1010 760 570 566 214 16 14
72 986 760 570 586 210 14 18
58 986 760 570 605 204 14 24
44 986 760 570 623 198 14 30
0 986 760 570 642 192 14 36
