54
79 725 269 269 92 184 69 73
79 799 269 269 88 188 59 69
423 73 269 269 99 172 87 85
391 231 269 269 107 185 87 75
391 159 269 269 103 190 89 71
149 739 269 269 118 188 65 73
399 601 269 269 116 188 69 69
323 595 269 269 110 186 75 71
243 567 269 269 104 184 79 73
325 521 269 269 102 184 79 73
81 653 269 269 96 169 79 71
441 307 269 269 87 130 69 73
317 667 269 269 81 93 67 73
235 711 269 269 81 84 67 65
207 237 269 269 84 84 65 75
273 141 269 269 101 54 117 131
1 81 269 269 107 72 119 167
143 75 269 269 110 98 129 161
143 1 269 269 107 186 141 73
1 1 269 269 113 179 141 79
285 1 269 269 113 189 141 69
285 71 269 269 113 189 137 69
161 669 269 269 113 188 73 69
241 641 269 269 111 188 75 69
161 597 269 269 104 186 79 71
413 455 269 269 102 184 79 73
1 591 269 269 103 173 79 73
427 1 269 269 102 146 83 71
121 237 269 269 104 110 85 69
87 307 269 269 106 72 85 65
87 373 269 269 110 36 83 63
339 379 269 269 112 14 81 67
1 449 269 269 110 12 81 67
1 665 269 269 106 58 79 57
1 723 269 269 107 114 77 77
253 411 269 269 106 170 79 81
1 249 269 269 96 196 85 65
273 273 269 269 95 194 85 67
171 379 269 269 98 193 81 69
83 437 269 269 96 194 81 67
173 313 269 269 95 199 83 65
1 315 269 269 93 204 85 61
81 579 269 269 103 182 79 73
163 523 269 269 100 179 79 73
405 529 269 269 99 178 77 71
245 493 269 269 99 179 79 73
333 447 269 269 102 183 79 73
421 381 269 269 102 184 79 73
1 517 269 269 102 182 79 73
359 307 269 269 100 179 81 71
257 341 269 269 100 179 81 69
1 377 269 269 100 180 81 71
83 505 269 269 102 182 79 73
165 449 269 269 102 184 79 73
