43
313 353 475 269 144 145 155 113
469 465 475 269 153 143 153 115
787 399 475 269 163 141 153 117
775 633 475 269 172 143 151 115
307 591 475 269 174 143 151 115
463 581 475 269 174 143 151 115
623 577 475 269 174 143 151 115
785 517 475 269 174 143 151 115
155 583 475 269 151 139 151 119
643 1 475 269 98 143 175 115
217 1 475 269 63 145 213 113
1 1 475 269 64 145 215 113
431 1 475 269 65 143 211 115
1 693 475 269 128 143 151 115
475 351 475 269 140 145 155 113
643 231 475 269 133 138 159 113
631 461 475 269 125 117 153 115
615 693 475 269 145 78 141 129
125 809 475 269 180 58 113 159
239 827 475 269 174 49 125 149
459 697 475 269 172 45 131 129
239 707 475 269 178 57 127 119
1 809 475 269 194 60 123 159
311 467 475 269 164 105 151 123
1 115 475 269 151 174 161 95
819 1 475 269 155 176 163 93
803 299 475 269 157 168 159 99
631 345 475 269 164 150 155 115
157 459 475 269 169 143 153 123
161 233 475 269 158 159 157 105
819 95 475 269 154 179 163 89
1 329 475 269 140 137 155 121
1 211 475 269 135 138 159 117
803 185 475 269 132 138 159 113
163 115 475 269 129 138 159 117
1 451 475 269 129 139 155 119
157 339 475 269 128 139 155 119
475 233 475 269 129 139 155 117
483 117 475 269 129 138 159 115
643 117 475 269 132 138 159 113
323 117 475 269 135 139 159 115
319 233 475 269 140 137 155 119
1 571 475 269 142 137 153 121
