38
1 117 269 269 51 151 125 107
229 449 269 269 85 147 99 111
775 397 269 269 89 149 109 109
887 373 269 269 95 169 111 89
477 335 269 269 104 169 103 89
775 303 269 269 84 165 111 93
895 233 269 269 53 120 111 139
813 111 269 269 38 141 115 121
305 105 269 269 34 145 127 119
127 221 269 269 51 147 121 111
153 111 269 269 51 139 125 109
305 1 269 269 50 120 137 103
153 1 269 269 54 97 151 109
1 1 269 269 62 69 151 115
443 1 269 269 75 51 133 111
885 463 269 269 92 33 103 111
545 425 269 269 90 24 95 111
449 425 269 269 88 31 95 121
349 407 269 269 90 52 99 135
663 297 269 269 85 81 111 145
1 225 269 269 81 117 119 149
577 1 269 269 77 155 117 111
781 233 269 269 74 180 113 69
665 221 269 269 74 168 115 75
433 223 269 269 75 184 115 71
1 487 269 269 77 198 113 69
115 445 269 269 59 146 113 111
235 337 269 269 61 144 113 111
363 295 269 269 62 143 113 111
1 375 269 269 61 145 113 111
121 333 269 269 60 147 113 111
249 225 269 269 59 147 113 111
549 113 269 269 57 147 115 109
695 111 269 269 57 144 117 109
813 1 269 269 57 143 117 109
695 1 269 269 57 144 117 109
433 113 269 269 57 147 115 109
549 223 269 269 59 147 113 111
