38
1 197 348 269 119 75 114 185
1 733 348 269 134 103 160 157
116 197 348 269 126 81 124 179
1 1 348 269 45 65 178 195
130 377 348 269 27 95 190 165
164 845 348 269 29 121 188 139
456 1 348 269 29 127 188 133
287 543 348 269 32 130 186 137
804 1 348 269 53 135 172 125
645 1 348 269 69 133 158 127
675 801 348 269 71 130 156 127
474 543 348 269 73 119 156 129
442 681 348 269 76 99 154 137
138 543 348 269 81 76 148 151
315 1 348 269 87 56 140 163
1 563 348 269 93 43 136 169
241 179 348 269 91 40 138 165
321 345 348 269 90 63 142 135
380 165 348 269 93 69 138 135
180 1 348 269 96 74 134 177
1 383 348 269 106 90 128 179
162 695 348 269 121 117 120 149
678 253 348 269 120 141 144 109
832 631 348 269 115 149 160 95
464 433 348 269 114 156 162 109
832 851 348 269 117 160 158 109
832 727 348 269 67 136 158 123
832 505 348 269 63 131 164 125
832 379 348 269 64 128 164 125
804 127 348 269 64 131 166 125
832 253 348 269 67 135 164 125
464 301 348 269 69 129 162 131
516 819 348 269 73 121 158 133
283 695 348 269 72 111 158 139
353 835 348 269 70 110 162 137
1 891 348 269 69 118 162 131
519 135 348 269 70 127 158 127
597 673 348 269 69 133 158 127
