43
365 685 269 269 96 145 87 87
275 765 269 269 95 141 85 89
377 183 269 269 65 135 111 119
251 227 269 269 61 130 111 99
363 303 269 269 58 124 109 111
1 219 269 269 53 121 113 123
133 205 269 269 48 118 117 123
257 111 269 269 49 118 119 115
133 111 269 269 50 121 123 93
279 1 269 269 55 108 123 109
1 101 269 269 49 103 131 117
145 1 269 269 47 116 133 109
1 1 269 269 39 130 143 99
1 699 269 269 94 146 89 85
91 687 269 269 95 147 89 85
185 685 269 269 90 141 89 85
275 679 269 269 92 125 89 85
1 527 269 269 92 105 93 83
299 507 269 269 93 83 97 83
115 329 269 269 94 62 101 87
403 93 269 269 94 50 105 89
403 1 269 269 94 49 107 91
251 327 269 269 96 73 103 89
193 509 269 269 94 114 91 89
181 771 269 269 84 144 83 99
91 773 269 269 80 163 79 99
1 785 269 269 81 158 79 95
241 871 269 269 81 146 79 89
161 873 269 269 81 136 79 89
81 873 269 269 80 155 79 89
1 881 269 269 81 174 79 89
185 599 269 269 95 146 89 85
377 597 269 269 93 142 91 87
99 509 269 269 91 137 93 89
201 417 269 269 87 132 97 91
101 417 269 269 85 129 99 91
355 415 269 269 85 128 99 91
1 343 269 269 85 129 99 91
1 435 269 269 87 132 97 91
397 507 269 269 91 137 93 89
285 591 269 269 93 142 91 87
1 611 269 269 95 145 89 87
95 599 269 269 95 146 89 87
