50
1 857 81 41 1 11 79 19
90 841 81 41 1 6 79 29
171 919 348 269 118 156 86 101
84 919 348 269 115 156 86 101
288 545 348 269 110 156 92 101
193 507 348 269 107 156 94 101
292 443 348 269 105 156 94 101
100 331 348 269 101 157 96 101
104 231 348 269 100 158 98 99
203 301 348 269 103 156 96 101
197 403 348 269 110 154 94 103
1 547 348 269 119 154 92 103
1 1 348 269 124 154 112 103
332 1 348 269 123 154 106 103
413 277 348 269 121 156 98 101
397 379 348 269 121 156 94 101
96 535 348 269 120 158 94 99
1 445 348 269 120 157 94 101
98 433 348 269 120 156 94 101
387 481 348 269 109 156 92 101
371 685 348 269 113 156 88 101
181 817 348 269 119 156 86 101
417 173 348 269 116 144 94 103
314 259 348 269 113 115 98 103
1 175 348 269 112 82 102 99
213 139 348 269 114 54 102 87
300 363 348 269 122 27 96 79
316 173 348 269 118 13 100 85
1 275 348 269 118 18 98 83
108 139 348 269 114 50 104 91
1 359 348 269 120 116 96 85
213 227 348 269 117 178 100 73
223 1 348 269 104 192 108 67
1 105 348 269 105 193 106 69
221 69 348 269 104 191 106 69
114 69 348 269 103 190 106 69
328 105 348 269 103 191 106 67
114 1 348 269 101 193 108 67
1 753 348 269 120 154 88 103
353 857 348 269 121 149 82 105
1 919 348 269 122 147 82 103
268 857 348 269 120 149 84 105
282 647 348 269 119 153 88 105
381 583 348 269 118 156 90 101
1 651 348 269 119 154 90 101
92 737 348 269 121 149 88 103
274 753 348 269 122 146 86 103
185 713 348 269 121 149 88 103
191 609 348 269 119 153 90 103
94 635 348 269 118 156 90 101
