43
157 335 269 269 85 176 71 83
217 485 269 269 91 174 65 85
453 407 269 269 104 161 57 99
255 223 269 269 108 165 77 95
425 147 269 269 110 167 85 93
71 471 269 269 100 156 67 103
217 85 269 269 66 157 91 103
1 1 269 269 47 173 107 91
109 1 269 269 47 178 107 85
217 1 269 269 49 180 105 83
323 1 269 269 49 186 105 77
323 79 269 269 53 187 101 75
109 87 269 269 66 183 89 77
81 307 269 269 81 179 75 81
147 419 269 269 87 179 69 81
229 403 269 269 88 170 69 81
407 323 269 269 88 147 69 83
1 541 269 269 91 116 67 85
1 455 269 269 92 85 69 85
333 305 269 269 95 60 73 81
165 259 269 269 97 46 77 75
429 75 269 269 98 49 81 71
1 303 269 269 108 75 79 69
429 1 269 269 100 128 81 73
87 165 269 269 90 181 83 71
85 237 269 269 94 193 79 69
171 189 269 269 92 188 83 69
309 155 269 269 91 182 85 67
1 163 269 269 91 176 85 69
1 93 269 269 92 182 85 69
1 233 269 269 93 190 83 69
139 501 269 269 90 178 65 81
1 627 269 269 94 175 61 83
365 491 269 269 98 173 57 85
69 575 269 269 95 175 61 83
299 469 269 269 91 175 65 85
385 407 269 269 89 177 67 83
243 319 269 269 88 175 71 83
407 241 269 269 88 174 73 81
333 223 269 269 89 173 73 81
1 373 269 269 88 174 73 81
75 389 269 269 87 177 71 81
315 387 269 269 87 178 69 81
