50
455 237 348 269 257 141 56 57
75 427 348 269 255 142 60 57
447 433 348 269 253 138 64 61
383 327 348 269 249 135 70 67
79 349 348 269 247 130 74 77
86 169 348 269 243 126 80 85
308 143 348 269 239 122 86 93
106 91 158 95 65 2 84 77
421 1 158 95 59 10 90 67
411 185 158 95 63 20 86 51
415 135 158 95 58 23 92 49
191 157 158 95 68 21 82 61
1 133 158 95 66 23 84 67
219 87 158 95 61 24 88 69
415 69 158 95 55 26 94 65
320 1 158 95 49 27 100 61
1 71 158 95 44 28 104 61
1 1 158 95 38 20 110 69
320 63 158 95 54 10 94 79
219 1 158 95 48 4 100 85
112 1 158 95 42 0 106 89
191 115 269 269 113 230 23 23
191 91 269 269 119 223 23 23
59 485 269 269 123 216 45 45
136 469 269 269 122 210 49 45
1 475 269 269 116 204 57 45
154 407 269 269 110 197 63 61
377 395 269 269 104 189 69 65
235 373 269 269 104 184 69 65
373 461 269 269 107 176 67 85
245 219 269 269 114 170 61 85
1 295 269 269 98 163 77 87
1 201 269 269 97 158 79 93
81 255 269 269 99 153 77 93
167 219 269 269 98 149 77 95
307 237 269 269 99 144 75 95
159 315 269 269 98 142 75 91
1 383 269 269 99 136 73 91
383 237 269 269 98 133 71 89
307 333 269 269 98 130 69 87
305 421 269 269 98 127 67 85
441 495 269 269 98 124 65 83
245 305 269 269 100 135 61 67
454 365 269 269 102 130 57 67
455 295 269 269 103 125 55 69
218 439 269 269 106 121 51 71
1 521 269 269 120 158 39 29
395 143 269 269 143 153 19 29
395 173 269 269 146 149 15 29
308 87 269 269 147 164 9 9
