49
762 146 760 760 279 316 202 128
1000 25 10 10 0 0 10 10
989 25 10 10 0 0 10 10
532 1322 760 760 169 319 422 122
412 1445 760 760 195 295 368 170
1 1104 760 760 115 248 530 264
1 751 760 760 106 204 548 352
771 377 760 760 323 331 120 98
1 290 760 760 38 191 682 376
684 579 760 760 222 293 316 174
1 124 760 760 0 319 760 122
1 247 760 760 0 358 760 42
1 1 760 760 0 319 760 122
684 290 760 760 355 249 74 88
550 1014 760 760 354 249 78 88
550 925 760 760 356 249 80 88
550 834 760 760 354 249 84 90
935 275 760 760 352 248 88 94
550 1103 760 760 357 249 70 88
1 1390 760 760 129 248 516 20
1 1369 760 760 117 248 528 20
1 730 760 760 87 248 558 20
1 709 760 760 57 248 588 20
1 688 760 760 41 248 604 20
1 667 760 760 37 248 608 20
965 146 380 380 155 112 58 106
684 379 380 380 149 97 86 122
781 1515 380 380 109 55 152 164
762 25 380 380 76 90 226 120
621 1109 760 760 180 273 398 212
631 982 760 760 195 316 370 126
771 476 760 760 363 309 78 28
930 370 760 760 339 311 92 136
610 667 760 760 334 310 72 154
759 331 760 507 414 0 170 45
684 507 760 507 254 0 330 71
683 792 760 507 0 55 308 27
762 1 760 507 0 59 260 23
850 476 760 507 0 69 72 13
781 1445 760 507 600 35 160 69
635 846 760 507 386 35 374 135
683 820 760 507 0 176 300 25
721 1680 760 507 0 180 270 21
550 822 760 507 0 190 100 11
762 275 760 507 531 0 172 55
1 1411 760 507 293 0 410 109
368 1616 760 507 168 74 352 85
1 1521 760 507 0 72 366 97
683 754 760 507 0 132 312 37
