40
87 1 269 316 116 0 37 280
49 577 269 316 111 0 45 280
73 290 269 316 113 0 43 280
1 577 269 316 111 0 47 282
1 290 269 316 100 0 71 286
1 1 269 316 93 0 85 288
437 1 269 316 95 0 77 274
433 278 269 316 90 0 85 274
425 555 269 316 83 0 97 276
117 282 269 316 82 0 103 278
95 571 269 316 79 0 109 278
325 1 269 316 78 0 111 276
221 278 269 316 77 0 111 276
515 1 269 316 80 0 107 272
519 274 269 316 82 0 101 272
317 555 269 316 79 0 107 276
211 1 269 316 76 0 113 276
205 561 269 316 76 0 111 276
333 278 269 316 81 0 99 276
125 1 269 316 89 0 85 278
551 909 269 269 95 166 81 83
471 930 269 269 99 166 79 91
391 930 269 269 99 166 79 91
91 858 269 269 87 157 89 103
1 860 269 269 87 157 89 103
449 832 269 269 92 159 87 97
361 832 269 269 92 160 87 97
271 838 269 269 92 158 89 97
181 850 269 269 92 159 89 97
537 825 269 269 95 174 81 83
601 643 269 269 95 176 81 81
523 735 269 269 100 176 77 89
315 936 269 269 101 178 75 87
523 547 269 269 92 171 81 95
523 643 269 269 94 174 77 91
605 547 269 269 99 178 73 81
601 725 269 269 100 180 71 79
619 805 269 269 100 179 71 77
181 948 269 269 101 180 69 75
251 948 269 269 104 192 63 63
