43
246 619 348 269 127 150 78 109
1 863 348 269 132 152 74 107
76 863 348 269 137 152 72 107
149 839 348 269 141 158 76 101
1 761 348 269 147 158 78 101
80 737 348 269 147 158 78 101
402 723 348 269 147 158 72 101
242 729 348 269 147 158 72 101
215 223 348 269 118 156 98 103
339 1 348 269 64 152 148 107
1 1 348 269 36 152 176 107
178 1 348 269 50 150 160 109
339 109 348 269 80 150 126 109
1 323 348 269 111 150 94 109
422 613 348 269 125 150 78 109
82 629 348 269 125 143 80 107
369 503 348 269 127 120 80 109
179 437 348 269 128 95 82 105
314 301 348 269 129 68 94 101
106 311 348 269 133 47 96 95
110 223 348 269 135 37 104 87
1 247 348 269 137 47 104 75
334 219 348 269 133 70 106 81
409 301 348 269 133 117 92 89
325 723 348 269 137 158 76 93
223 169 348 269 113 208 110 53
223 111 348 269 113 200 110 57
1 109 348 269 112 183 110 65
1 175 348 269 114 174 108 71
112 111 348 269 112 192 110 59
112 171 348 269 113 210 110 51
343 613 348 269 126 149 78 109
84 517 348 269 126 145 80 111
1 541 348 269 128 145 80 109
409 391 348 269 128 145 82 111
96 407 348 269 129 149 82 109
203 327 348 269 130 150 82 109
286 403 348 269 129 149 82 107
1 433 348 269 128 146 82 107
165 543 348 269 128 144 80 107
262 511 348 269 126 146 80 107
163 651 348 269 126 150 78 107
1 651 348 269 125 150 78 109
