29
502 257 348 269 91 142 138 125
359 435 348 269 80 130 150 127
345 857 348 269 75 114 156 135
341 609 348 269 72 94 160 143
186 461 348 269 60 75 172 147
166 863 348 269 51 57 178 149
1 711 348 269 57 43 170 151
172 711 348 269 61 36 168 149
800 115 348 269 64 47 172 121
186 1 348 269 49 35 186 173
1 489 348 269 50 29 184 221
1 251 348 269 54 32 182 237
1 1 348 269 55 20 184 249
184 251 348 269 66 45 170 209
1 863 348 269 70 95 164 151
800 1 348 269 65 141 182 113
341 753 348 269 59 165 202 103
502 563 348 269 84 132 148 127
373 1 348 269 87 126 146 129
502 857 348 269 85 123 148 129
355 305 348 269 88 127 146 129
355 175 348 269 89 131 146 129
502 131 348 269 89 135 146 125
641 257 348 269 89 132 146 123
651 125 348 269 87 126 148 123
651 1 348 269 86 123 148 123
510 383 348 269 86 126 146 123
651 817 348 269 83 131 148 125
544 691 348 269 83 135 148 125
