43
219 483 269 269 93 103 87 157
99 1 269 269 86 99 103 161
95 329 269 269 95 99 103 161
199 325 269 269 100 103 105 157
179 807 269 269 100 107 113 153
293 795 269 269 99 109 117 151
203 1 269 269 99 99 91 161
463 157 269 269 41 131 123 129
599 1 269 269 31 157 133 105
587 121 269 269 31 155 133 109
539 287 269 269 33 150 131 115
473 1 269 269 39 141 125 119
411 781 269 269 63 121 101 139
307 477 269 269 80 107 87 153
295 1 269 269 88 103 89 157
89 655 269 269 92 94 87 159
1 655 269 269 101 74 87 161
99 163 269 269 106 49 93 161
1 493 269 269 108 24 103 161
105 491 269 269 108 9 113 157
353 631 269 269 105 6 127 149
395 315 269 269 95 19 143 137
395 453 269 269 79 56 159 117
733 1 269 269 76 110 153 87
481 571 269 269 66 157 153 91
721 107 269 269 58 182 157 87
481 663 269 269 56 170 159 89
671 231 269 269 58 152 157 87
411 921 269 269 60 138 155 91
513 753 269 269 58 162 157 87
555 403 269 269 56 182 159 87
1 817 269 269 88 102 89 159
1 329 269 269 85 100 93 163
1 165 269 269 82 100 97 163
1 1 269 269 84 100 97 163
193 163 269 269 91 101 91 161
177 649 269 269 95 103 87 157
91 815 269 269 95 101 87 157
385 1 269 269 94 99 87 155
265 641 269 269 92 100 87 153
375 159 269 269 91 100 87 155
305 321 269 269 88 103 89 155
285 163 269 269 88 103 89 157
