33
1400 862 760 570 82 161 150 170
0 1454 760 570 147 210 162 194
1786 720 760 570 227 129 256 324
1786 500 760 570 403 233 258 220
0 1648 760 570 422 126 218 140
324 1562 760 570 678 20 64 64
260 1572 760 570 678 20 64 64
0 1906 760 570 1 241 78 118
0 1788 760 570 1 239 78 118
242 1454 760 570 678 241 80 118
162 1454 760 570 678 239 80 118
2012 42 760 570 144 144 22 22
2012 0 760 570 144 145 22 42
1990 0 760 570 144 144 22 64
162 1572 760 570 71 138 98 76
1400 1044 760 570 71 137 614 324
1460 500 760 570 2 8 326 362
1466 0 760 570 2 16 524 500
0 996 760 570 29 52 662 458
700 856 760 570 30 84 700 426
760 0 760 570 29 85 706 430
0 570 760 570 30 85 700 426
1550 928 760 570 8 494 236 66
1550 862 760 570 8 494 236 66
0 0 760 570 0 0 760 570
2034 0 760 570 317 524 12 12
268 1864 760 570 63 130 114 92
268 1756 760 570 480 2 190 108
78 1896 760 570 480 2 190 108
322 1454 760 570 480 2 190 108
218 1648 760 570 480 2 190 108
78 1788 760 570 480 2 190 108
760 430 760 570 30 85 700 426
