43
1 815 269 269 95 129 91 103
933 709 269 269 94 125 89 105
135 111 269 269 65 123 113 131
249 111 269 269 61 120 113 109
249 221 269 269 58 116 111 119
1 225 269 269 53 114 113 129
413 105 269 269 48 110 117 131
539 1 269 269 49 110 119 123
413 1 269 269 50 111 125 103
287 1 269 269 55 108 125 109
1 105 269 269 49 102 133 119
149 1 269 269 47 116 137 109
1 1 269 269 39 126 147 103
851 605 269 269 94 128 93 103
841 709 269 269 96 129 91 103
655 525 269 269 90 123 93 103
757 503 269 269 91 107 93 103
559 495 269 269 91 85 95 103
461 433 269 269 92 62 97 105
839 293 269 269 93 46 99 103
531 125 269 269 93 38 103 101
115 243 269 269 93 43 107 97
659 1 269 269 96 69 107 93
871 1 269 269 94 112 103 91
659 95 269 269 84 144 103 101
635 197 269 269 80 164 101 99
531 227 269 269 80 158 101 95
361 237 269 269 80 146 101 89
633 297 269 269 80 137 101 89
737 221 269 269 80 155 101 89
865 203 269 269 80 174 101 89
929 501 269 269 94 128 93 103
661 419 269 269 92 124 95 105
563 387 269 269 90 119 97 107
361 327 269 269 88 114 99 109
763 111 269 269 86 111 101 109
767 1 269 269 84 110 103 109
871 93 269 269 86 111 101 109
463 323 269 269 88 114 99 109
735 311 269 269 90 119 97 107
833 397 269 269 92 124 95 105
929 397 269 269 94 128 93 103
749 607 269 269 96 130 91 103
