48
1 559 269 269 99 159 81 99
263 509 269 269 102 157 79 101
1 659 269 269 110 157 73 101
229 715 269 269 119 157 65 101
249 611 269 269 118 155 67 103
415 536 269 269 119 155 65 103
317 621 269 269 119 157 65 101
75 727 269 269 118 158 67 99
161 703 269 269 118 157 67 101
447 1 269 269 119 153 61 105
171 597 269 269 95 154 77 105
105 219 269 269 67 158 99 101
411 213 269 269 70 161 93 99
1 357 269 269 78 161 89 99
343 519 269 269 100 158 71 101
87 523 269 269 96 159 83 99
143 805 38 38 0 1 36 36
471 391 38 38 0 0 38 38
471 352 38 38 0 0 38 38
471 313 38 38 0 0 38 38
101 321 269 269 95 146 89 99
1 257 269 269 95 115 99 99
211 197 269 269 99 83 103 91
1 165 269 269 106 40 103 91
335 95 269 269 100 7 107 107
107 115 269 269 90 1 103 103
223 113 269 269 83 20 107 83
337 1 269 269 83 33 109 93
1 65 269 269 87 66 105 99
315 203 269 269 95 111 95 101
385 313 269 269 100 158 85 101
225 1 269 269 76 222 111 47
113 53 269 269 76 194 109 61
225 49 269 269 76 165 109 63
1 1 269 269 74 194 111 63
113 1 269 269 74 218 111 51
363 415 269 269 99 155 79 103
443 430 269 269 107 150 67 105
1 761 269 269 108 147 65 103
443 107 269 269 107 150 67 105
83 623 269 269 101 156 77 103
179 497 269 269 96 159 83 99
91 421 269 269 91 155 87 101
191 393 269 269 87 150 87 103
205 289 269 269 83 147 91 103
297 305 269 269 88 150 87 103
1 457 269 269 93 155 85 101
279 409 269 269 96 159 83 99
