63
421 631 269 269 94 170 83 85
523 591 269 269 95 170 83 85
609 567 269 269 96 170 83 85
893 511 269 269 98 168 81 87
335 653 269 269 98 168 81 87
699 91 269 269 102 168 77 87
693 595 269 269 103 168 75 87
563 285 269 269 104 168 73 87
563 373 269 269 105 168 71 87
951 333 269 269 105 168 71 87
699 179 269 269 102 168 75 87
897 421 269 269 92 166 83 89
511 97 269 269 70 162 95 93
417 1 269 269 57 161 95 95
419 97 269 269 55 161 91 95
543 191 269 269 57 162 93 93
513 1 269 269 65 162 93 93
607 95 269 269 77 166 91 89
777 177 269 269 88 168 87 87
695 509 269 269 94 170 83 85
637 341 269 269 92 161 85 85
865 89 269 269 91 134 87 87
777 89 269 269 91 100 87 87
865 1 269 269 93 64 87 87
777 1 269 269 95 30 87 87
723 425 269 269 101 10 85 83
779 573 269 269 111 6 79 79
725 339 269 269 116 38 85 85
637 267 269 269 111 126 87 73
437 509 269 269 101 192 85 69
335 601 269 269 109 215 85 51
523 533 269 269 109 197 85 57
523 461 269 269 109 163 85 71
635 427 269 269 109 147 85 75
609 503 269 269 109 181 85 63
437 579 269 269 109 217 85 51
953 1 269 269 100 7 69 79
225 209 269 269 104 6 67 123
113 467 269 269 97 4 73 155
1 1 269 269 84 4 99 265
1 523 269 269 78 2 111 241
1 267 269 269 78 2 111 255
101 1 269 269 78 3 111 249
1 765 269 269 78 3 111 229
113 251 269 269 78 3 111 215
213 1 269 269 78 3 121 207
421 323 269 269 72 114 141 101
293 209 269 269 60 113 167 113
225 333 269 269 46 121 195 121
113 623 269 269 34 128 221 137
187 467 269 269 20 136 249 133
811 403 269 269 93 172 85 83
865 177 269 269 93 177 87 79
775 265 269 269 94 183 87 73
863 333 269 269 95 187 87 69
865 257 269 269 95 178 87 75
437 425 269 269 97 162 85 83
461 193 269 269 100 140 81 95
335 1 269 269 100 132 81 99
335 101 269 269 97 138 83 97
607 1 269 269 96 151 83 93
691 1 269 269 93 163 85 89
809 487 269 269 94 170 83 85
