54
339 163 348 269 136 114 124 147
378 1063 348 269 123 104 100 157
678 975 348 269 105 112 108 149
1 1099 348 269 93 115 116 147
523 987 348 269 122 104 104 157
638 1 348 269 126 79 164 181
465 143 348 269 143 105 160 155
803 107 348 269 141 119 158 141
782 387 348 269 135 116 146 145
607 565 348 269 135 118 134 143
448 649 348 269 140 118 132 143
269 873 348 269 142 119 128 141
130 929 348 269 140 121 128 139
553 853 348 269 142 127 124 133
398 935 348 269 140 133 124 127
901 533 348 269 140 138 122 121
901 655 348 269 139 141 122 119
291 745 348 269 150 134 132 127
785 249 348 269 150 126 158 137
465 1 348 269 151 122 172 141
1 157 348 269 148 109 178 149
250 1 348 269 111 86 214 161
1 1 348 269 78 86 248 155
742 677 348 269 94 93 132 153
1 947 348 269 133 105 126 151
766 533 348 269 138 118 134 143
875 775 348 269 139 107 132 145
1 653 348 269 132 80 136 149
156 389 348 269 110 52 152 147
626 183 348 269 94 30 158 137
1 307 348 269 89 13 154 127
464 401 348 269 80 11 156 111
803 1 348 269 71 17 160 105
1 435 348 269 69 45 152 115
309 457 348 269 69 70 152 143
462 513 348 269 72 124 144 135
1 551 348 269 67 163 150 101
623 321 348 269 61 163 158 99
180 277 348 269 61 151 158 111
180 163 348 269 61 147 158 113
464 299 348 269 59 159 158 101
154 537 348 269 62 160 152 105
710 831 348 269 136 116 126 143
259 1015 348 269 136 109 118 147
837 921 348 269 134 106 114 147
128 1069 348 269 136 109 116 147
339 311 348 269 136 115 124 145
581 709 348 269 136 117 128 143
138 787 348 269 139 116 130 141
307 601 348 269 133 110 140 143
621 421 348 269 130 107 144 143
152 643 348 269 134 110 138 143
424 793 348 269 139 116 128 141
1 803 348 269 137 117 128 143
