73
339 623 269 269 103 152 59 105
191 579 269 269 107 151 65 107
677 357 269 269 108 159 77 99
275 293 269 269 112 169 91 89
117 451 269 269 113 178 101 79
367 319 269 269 114 181 103 77
497 257 269 269 114 177 103 81
497 167 269 269 114 169 103 89
367 397 269 269 112 159 95 99
569 427 269 269 107 145 69 113
365 497 269 269 97 132 65 125
463 453 269 269 85 121 67 137
601 167 269 269 76 110 75 147
219 471 269 269 101 151 53 107
67 717 269 269 104 151 55 107
777 313 269 269 87 142 79 105
601 315 269 269 95 111 75 111
897 189 269 269 109 68 103 119
755 419 269 269 117 26 69 123
791 113 269 269 114 1 105 115
103 531 269 269 112 14 87 79
471 383 269 269 108 18 97 69
903 1 269 269 102 39 111 75
1 381 269 269 99 118 115 105
1 487 269 269 102 165 101 77
273 383 269 269 95 178 93 85
777 229 269 269 92 176 99 83
791 1 269 269 88 178 111 75
153 319 269 269 88 181 119 67
901 111 269 269 89 180 107 77
677 145 269 269 88 180 105 83
701 457 269 269 113 170 47 93
1 895 269 269 111 144 55 97
639 457 269 269 111 120 61 105
935 417 269 269 105 102 73 111
1 565 269 269 100 89 85 117
677 229 269 269 93 79 99 127
677 1 269 269 87 74 113 143
367 165 269 269 78 78 129 153
535 1 269 269 70 81 141 165
1 201 269 269 65 85 151 179
173 115 269 269 62 92 157 177
369 1 269 269 58 106 165 163
1 93 269 269 55 126 171 107
189 1 269 269 51 149 179 113
1 1 269 269 48 178 187 91
331 209 269 269 127 158 35 45
331 159 269 269 128 141 35 49
889 505 269 269 126 117 45 65
811 609 269 269 124 91 55 69
857 361 269 269 122 65 77 71
273 469 269 269 121 44 91 69
117 387 269 269 118 29 103 63
791 77 269 269 118 25 109 35
901 77 269 269 116 27 109 33
471 339 269 269 116 30 99 43
877 309 269 269 116 42 81 51
825 433 269 269 116 50 65 71
221 387 269 269 116 73 51 83
331 115 269 269 119 157 37 43
153 293 269 269 73 240 121 25
153 687 269 269 102 150 57 105
431 591 269 269 103 146 59 105
749 543 269 269 103 145 61 103
825 505 269 269 104 147 63 103
1 683 269 269 104 150 65 105
87 611 269 269 105 153 65 105
273 539 269 269 104 150 65 107
959 309 269 269 104 146 63 107
935 529 269 269 103 145 61 105
531 541 269 269 103 146 59 107
257 647 269 269 102 150 57 107
1 789 269 269 104 153 55 105
