60
150 305 77 77 1 1 75 75
150 230 77 77 1 1 75 75
150 155 77 77 1 1 75 75
389 75 77 77 1 1 75 75
314 75 77 77 1 1 75 75
239 75 77 77 1 1 75 75
164 75 77 77 1 1 75 75
75 375 77 77 1 1 75 75
75 300 77 77 1 1 75 75
75 225 77 77 1 1 75 75
75 150 77 77 1 1 75 75
75 75 77 77 1 1 75 75
382 0 77 77 1 1 75 75
307 0 77 77 1 1 75 75
232 0 77 77 1 1 75 75
157 0 77 77 1 1 75 75
82 0 77 77 1 1 75 75
0 375 77 77 1 1 75 75
0 300 77 77 1 1 75 75
0 225 77 77 1 1 75 75
0 150 77 77 1 1 75 75
0 75 77 77 1 1 75 75
0 0 77 77 0 1 75 75
205 421 77 77 1 1 71 75
225 150 77 77 1 1 65 75
225 225 77 77 0 1 61 75
457 0 77 77 1 1 55 75
225 300 77 77 0 1 51 75
464 75 77 77 1 1 47 75
276 300 77 77 1 1 43 75
360 300 77 77 1 1 41 75
317 416 77 77 1 1 41 75
331 150 77 77 1 1 41 75
327 225 77 77 1 1 41 75
319 300 77 77 1 1 41 75
276 416 77 77 1 1 41 75
290 150 77 77 1 1 41 75
286 225 77 77 1 0 41 75
368 225 77 77 1 0 41 71
150 380 77 77 1 0 41 65
0 450 77 77 1 1 41 59
41 450 77 77 1 0 41 55
82 450 77 77 1 0 41 51
123 450 77 77 1 1 41 45
164 445 77 77 1 0 41 43
372 150 77 77 1 1 41 41
355 375 77 77 1 1 41 41
314 375 77 77 1 1 41 41
273 375 77 77 1 1 41 41
232 375 77 77 1 1 41 41
191 380 77 77 1 1 41 41
358 416 77 77 3 1 39 41
396 375 77 77 5 1 37 41
358 457 77 77 9 1 33 41
391 457 77 77 15 0 27 41
397 416 77 77 21 0 21 41
401 296 77 77 25 0 17 41
150 75 77 77 29 1 13 39
150 114 77 77 33 0 9 41
75 0 77 77 38 0 3 37
