49
68 811 66 18 8 0 50 18
201 483 348 269 142 172 72 85
434 1 348 269 139 172 76 85
415 433 348 269 137 174 74 83
236 647 348 269 132 175 70 83
139 741 348 269 129 176 60 83
212 731 348 269 127 179 62 81
274 565 348 269 125 179 64 81
274 483 348 269 125 180 64 81
307 707 348 269 127 177 62 81
104 469 348 269 131 174 96 83
118 307 348 269 123 170 112 87
245 209 348 269 119 168 118 91
148 59 348 269 118 168 122 93
1 113 348 269 119 169 122 91
271 113 348 269 122 169 120 95
392 179 348 269 125 169 118 95
364 275 348 269 131 169 114 91
241 301 348 269 134 169 112 91
231 393 348 269 139 171 108 89
415 517 348 269 141 172 72 91
340 433 348 269 140 159 74 87
424 87 348 269 136 127 82 91
1 485 348 269 130 88 92 91
1 401 348 269 124 59 102 83
1 325 348 269 120 37 110 75
122 229 348 269 116 16 118 77
124 153 348 269 114 17 120 75
112 395 348 269 114 49 108 73
354 367 348 269 111 113 110 65
1 205 348 269 102 186 120 61
1 267 348 269 96 202 116 57
297 57 348 269 90 202 126 55
297 1 348 269 81 196 136 55
150 1 348 269 72 190 146 57
1 57 348 269 67 196 146 55
1 1 348 269 66 203 148 55
165 569 348 269 145 170 70 87
339 615 348 269 148 164 70 91
339 521 348 269 148 161 70 93
410 609 348 269 148 164 70 91
410 701 348 269 147 168 70 89
1 665 348 269 143 172 70 85
72 641 348 269 139 171 70 85
1 751 348 269 138 170 66 83
72 727 348 269 136 169 66 83
143 657 348 269 138 170 68 83
1 577 348 269 141 169 70 87
94 553 348 269 143 170 70 87
