26
677 1041 760 507 75 66 250 323
1074 573 760 507 224 99 312 309
1387 882 760 507 93 22 262 365
1650 882 760 507 259 203 224 187
1395 1 760 507 36 78 468 309
729 407 760 507 385 78 344 319
729 727 760 507 31 65 344 313
1 381 760 507 339 73 370 307
372 381 760 507 76 45 356 353
1159 343 760 507 404 118 234 229
342 1039 760 507 321 232 334 157
1395 311 760 570 23 0 436 570
1 1235 760 507 442 26 230 237
1 849 760 507 65 16 340 385
1074 883 760 507 342 170 252 235
348 735 760 507 117 94 342 303
1 689 760 507 239 9 346 159
738 1 760 507 0 16 656 341
1864 1 760 507 212 157 88 93
1 1 760 507 4 17 736 379
342 1197 760 570 260 165 240 240
738 372 480 320 42 145 396 34
738 343 480 320 30 146 420 28
1832 311 480 320 139 137 202 46
1964 1 10 10 0 0 10 10
1953 1 10 10 0 0 10 10
