26
108 166 56 56 0 1 56 54
54 168 56 56 1 0 54 56
0 112 56 56 0 0 56 56
0 168 56 56 1 0 54 56
0 56 56 56 0 0 56 56
160 0 56 56 0 1 56 54
0 0 56 56 0 0 56 56
218 162 56 56 1 1 54 54
108 56 56 56 5 0 46 56
270 0 56 56 1 1 54 54
264 54 56 56 1 0 54 54
218 108 56 56 0 1 54 54
108 0 56 56 2 0 52 56
56 112 56 56 2 0 52 56
56 56 56 56 1 0 52 56
164 164 56 56 1 1 54 54
56 0 56 56 1 0 52 56
272 108 56 56 3 1 52 54
216 0 56 56 0 1 54 54
210 54 56 56 0 1 54 54
154 56 56 56 0 1 56 54
324 0 56 56 0 6 54 46
318 54 56 56 2 3 52 50
218 216 56 56 2 6 54 40
108 112 56 56 0 1 56 54
164 110 56 56 0 0 54 54
