43
415 275 348 269 132 161 80 97
82 261 348 269 118 161 96 97
92 683 348 269 99 143 116 115
209 691 348 269 93 125 124 133
334 693 348 269 96 113 122 145
156 825 348 269 105 111 114 147
271 839 348 269 113 111 108 147
380 839 348 269 114 111 106 147
1 799 348 269 63 113 154 145
357 581 348 269 64 147 148 111
191 175 348 269 62 163 150 95
179 271 348 269 60 161 152 97
342 179 348 269 58 163 154 95
332 275 348 269 130 161 82 97
1 257 348 269 132 160 80 97
165 369 348 269 130 152 82 99
1 561 348 269 127 125 84 107
1 679 348 269 120 90 90 113
264 581 348 269 116 56 92 109
268 475 348 269 112 32 92 105
86 469 348 269 111 21 94 103
209 81 348 269 112 30 94 93
106 81 348 269 118 68 102 83
304 83 348 269 119 112 110 91
1 165 348 269 120 151 108 91
304 1 348 269 113 167 102 81
1 1 348 269 117 163 98 79
407 1 348 269 115 151 100 81
100 1 348 269 115 147 100 79
201 1 348 269 113 158 102 79
1 81 348 269 111 167 104 81
1 355 348 269 133 159 80 99
181 471 348 269 128 155 86 103
361 475 348 269 125 153 90 105
173 575 348 269 126 152 90 107
86 573 348 269 132 154 86 105
1 459 348 269 134 157 84 101
416 373 348 269 133 154 84 101
331 373 348 269 133 153 84 101
248 369 348 269 133 153 82 101
82 359 348 269 132 155 82 99
110 165 348 269 133 160 80 95
415 83 348 269 132 162 80 95
