54
847 315 348 269 120 149 134 111
267 787 348 269 117 149 132 111
261 675 348 269 112 149 132 111
533 733 348 269 108 151 132 109
513 851 348 269 107 151 132 109
712 315 348 269 135 149 134 111
150 113 348 269 152 150 148 111
1 113 348 269 153 150 148 111
1 465 348 269 147 150 134 111
136 451 348 269 127 149 134 111
271 409 348 269 121 149 134 111
134 811 348 269 120 149 132 111
257 563 348 269 117 149 132 111
529 623 348 269 114 150 132 109
400 741 348 269 110 150 132 109
660 427 348 269 108 150 130 109
666 645 348 269 105 152 130 107
791 427 348 269 103 152 130 107
662 537 348 269 102 152 130 107
646 843 348 269 116 150 130 109
765 91 348 269 146 150 158 111
588 1 348 269 153 149 176 111
399 1 348 269 155 159 188 101
204 1 348 269 153 150 194 111
1 1 348 269 143 150 202 111
406 317 348 269 127 149 134 111
1 225 348 269 122 123 134 127
1 703 348 269 124 96 132 125
1 829 348 269 125 66 132 117
299 193 348 269 117 42 142 101
564 113 348 269 105 22 156 89
399 103 348 269 97 8 164 89
765 1 348 269 95 12 162 89
1 577 348 269 93 20 132 125
134 577 348 269 95 79 122 117
406 429 348 269 92 176 130 83
134 923 348 269 86 168 126 97
797 641 348 269 85 164 126 103
386 899 348 269 84 155 126 111
134 695 348 269 83 150 126 115
793 535 348 269 83 159 126 105
261 923 348 269 85 171 124 93
577 315 348 269 123 147 134 111
271 295 348 269 124 143 134 113
442 203 348 269 125 141 134 113
136 225 348 269 124 143 134 113
847 203 348 269 122 148 134 111
525 513 348 269 121 150 134 109
712 203 348 269 122 147 134 111
577 203 348 269 124 143 134 111
394 631 348 269 126 142 134 109
1 353 348 269 124 143 134 111
136 339 348 269 123 146 134 111
390 521 348 269 121 150 134 109
