58
962 942 348 269 79 47 58 65
962 868 348 269 78 44 60 73
1 1339 348 269 70 42 78 73
929 367 348 269 64 38 94 77
625 1043 348 269 60 34 116 83
889 525 348 269 58 34 122 79
867 1272 348 269 56 34 136 83
710 1236 348 269 55 36 156 85
1 1251 348 269 53 39 172 87
712 1144 348 269 76 41 166 91
833 666 348 269 73 41 178 91
1 1153 348 269 69 42 198 97
797 758 348 269 64 43 220 109
754 1018 348 269 96 41 202 125
284 1123 348 269 107 41 198 143
757 868 348 269 106 44 204 149
483 1123 348 269 171 45 140 143
879 1144 348 269 178 58 136 127
635 931 348 269 200 74 118 111
364 1267 269 269 96 216 75 29
889 605 269 269 97 193 73 49
282 1267 269 269 96 195 81 73
929 445 269 269 97 184 89 79
624 1127 269 269 96 168 87 89
624 1217 269 269 95 167 85 85
200 1245 269 269 96 165 81 83
174 1329 269 269 96 165 79 97
951 1 269 269 102 163 71 93
80 1339 269 269 96 162 77 95
200 1153 269 269 90 160 83 91
941 259 269 269 92 158 81 107
1 1413 269 269 94 180 75 83
949 177 269 269 95 181 73 81
951 95 269 269 96 179 71 81
440 1267 269 269 97 180 69 79
833 586 269 269 96 178 55 79
422 497 269 269 128 182 23 73
452 376 269 269 128 205 9 49
1 1072 474 474 106 301 282 80
318 1042 474 474 82 297 306 80
1 963 474 474 83 294 316 108
318 931 474 474 83 289 316 110
1 852 474 474 83 286 316 110
384 820 474 474 27 283 372 110
1 741 474 474 26 280 382 110
404 707 474 474 26 276 392 112
1 622 474 474 26 274 402 118
422 586 474 474 27 270 410 120
1 497 474 474 26 267 420 124
452 469 474 474 18 277 436 116
1 376 474 474 11 274 450 120
468 342 474 474 6 269 460 126
1 251 474 474 3 271 466 124
472 211 474 474 2 266 468 130
1 114 474 474 1 260 470 136
476 108 474 474 0 294 472 102
476 1 474 474 0 290 474 106
1 1 474 474 0 284 474 112
