29
46 435 186 186 104 102 44 48
143 313 186 186 27 90 58 46
237 26 134 134 56 78 16 20
237 1 134 134 52 77 18 24
1 435 134 134 23 74 44 52
91 470 134 134 21 74 44 40
56 382 134 134 18 72 44 44
1 382 134 134 16 70 54 52
207 79 134 134 14 70 46 52
202 313 134 134 12 68 50 48
91 427 134 134 8 59 56 42
62 325 134 134 8 52 58 34
78 294 134 134 4 49 64 30
149 276 134 134 6 45 64 36
78 267 134 134 1 57 70 26
82 70 134 134 52 77 20 8
236 47 134 134 57 79 16 18
1 70 186 186 60 54 80 104
157 213 134 134 28 31 74 62
1 175 134 134 26 27 78 66
120 42 134 134 19 23 86 70
80 190 134 134 26 18 76 76
163 132 134 134 26 20 76 80
82 113 134 134 20 25 80 76
1 242 134 134 21 25 76 74
1 317 134 134 31 32 60 64
1 1 186 186 41 28 118 68
120 1 186 186 42 60 116 40
207 42 186 186 67 95 28 36
