20
1 475 269 269 125 230 27 29
77 465 269 269 120 211 37 41
167 407 269 269 103 182 73 77
165 113 269 269 100 154 79 97
1 129 269 269 90 136 91 125
1 1 269 269 93 129 89 127
91 1 269 269 80 134 99 111
77 363 269 269 97 130 79 101
261 1 269 269 102 134 69 63
115 465 269 269 113 130 51 39
93 217 269 269 103 216 27 37
245 97 269 269 102 189 35 65
221 211 269 269 102 187 49 69
157 319 269 269 102 172 67 87
191 1 269 269 101 165 69 95
149 217 269 269 100 161 71 101
93 113 269 269 100 160 71 103
77 255 269 269 101 158 71 107
1 365 269 269 98 157 75 109
1 255 269 269 98 157 75 109
