38
511 1115 791 269 279 95 155 167
535 775 791 269 280 95 169 167
215 373 791 269 277 90 203 173
727 259 791 269 282 90 213 173
1 339 791 269 282 90 213 173
225 199 791 269 282 90 213 173
439 273 791 269 283 90 211 173
513 99 791 269 282 90 213 173
1 513 791 269 268 91 203 171
205 547 791 269 260 91 187 171
607 605 791 269 263 87 181 169
1 855 791 269 271 72 171 175
345 949 791 269 283 53 165 183
865 951 791 269 295 37 157 191
335 1133 791 269 302 22 151 185
535 943 791 269 287 12 167 171
173 889 791 269 279 21 171 155
393 619 791 269 271 50 177 155
1 193 791 269 284 65 223 145
777 97 791 269 298 91 239 161
1 101 791 269 268 171 239 91
777 1 791 269 270 165 245 95
1 1 791 269 267 154 259 99
261 95 791 269 268 148 251 103
521 1 791 269 269 160 255 97
261 1 791 269 267 170 259 93
419 447 791 269 260 90 187 171
839 603 791 269 266 88 181 173
363 775 791 269 278 87 171 173
705 777 791 269 285 88 167 173
171 1045 791 269 291 89 163 173
703 951 791 269 295 89 161 173
1 1203 791 269 292 88 163 171
1 1031 791 269 284 86 169 171
189 719 791 269 278 87 173 169
839 433 791 269 266 88 183 169
1 685 791 269 261 90 187 169
651 433 791 269 260 91 187 171
