32
1449 907 538 269 101 89 358 179
723 1079 538 269 96 71 354 197
1106 551 538 269 91 71 360 197
380 357 538 269 89 69 362 199
1 523 538 269 89 71 362 197
364 737 538 269 91 73 360 195
727 705 538 269 91 74 360 195
1086 927 538 269 94 77 356 191
1 1083 538 269 94 81 358 187
1523 185 538 269 96 83 362 185
1154 183 538 269 97 84 368 185
1539 1 538 269 98 86 374 183
386 173 538 269 98 86 380 183
1156 1 538 269 101 88 382 181
1 1 538 269 104 92 384 177
386 1 538 269 109 97 384 171
771 1 538 269 113 99 384 169
771 171 538 269 117 98 382 171
1 179 538 269 118 98 380 171
1 351 538 269 120 98 378 171
362 933 538 269 104 91 360 177
1495 371 538 269 102 89 362 179
767 343 538 269 100 87 364 181
1 721 538 269 102 89 362 179
725 901 538 269 104 92 360 177
1088 749 538 269 104 92 360 177
1467 729 538 269 104 92 360 177
364 557 538 269 102 90 362 179
1132 369 538 269 102 88 362 181
743 525 538 269 102 90 362 179
1467 551 538 269 104 92 360 177
1 901 538 269 105 88 360 181
