38
1 897 269 269 68 143 111 113
1 147 269 269 81 124 101 133
1 411 269 269 101 128 85 129
115 669 269 269 110 144 85 113
113 897 269 269 110 144 93 113
1 281 269 269 95 128 87 129
1 1 269 269 43 111 125 145
1 541 269 269 31 131 135 127
201 651 269 269 33 147 135 109
369 1 269 269 58 147 119 109
201 377 269 269 54 138 123 109
241 761 269 269 47 115 131 109
489 1 269 269 41 87 135 105
367 449 269 269 41 61 135 99
449 333 269 269 43 42 135 89
565 219 269 269 46 35 131 79
591 107 269 269 46 37 131 73
625 1 269 269 46 60 133 71
89 281 269 269 70 46 109 119
87 411 269 269 64 85 113 127
127 1 269 269 64 135 119 115
253 487 269 269 67 151 113 109
1 783 269 269 68 127 113 113
1 669 269 269 68 105 113 113
137 539 269 269 66 129 115 111
337 597 269 269 67 153 111 105
351 115 269 269 60 147 119 109
471 111 269 269 63 149 119 107
443 225 269 269 63 149 121 107
325 341 269 269 60 149 123 107
329 871 269 269 57 148 123 109
115 783 269 269 53 148 125 111
227 117 269 269 52 144 123 113
199 263 269 269 50 141 123 113
103 147 269 269 48 138 123 115
247 1 269 269 52 141 121 113
207 895 269 269 55 144 121 111
323 231 269 269 58 147 119 109
