49
1 967 81 41 1 11 79 19
287 347 269 269 89 147 87 111
197 355 269 269 88 145 89 113
175 489 269 269 89 145 89 113
1 371 269 269 90 137 89 121
83 493 269 269 90 139 91 119
181 727 269 269 91 147 91 111
89 1 269 269 92 137 91 121
269 119 269 269 93 143 91 115
97 247 269 269 92 141 93 117
87 125 269 269 88 137 93 121
361 117 269 269 75 147 101 111
265 839 269 269 68 149 105 109
91 371 269 269 70 141 105 117
279 235 269 269 77 147 101 111
1 615 269 269 79 139 101 119
447 1 269 269 81 147 99 111
1 249 269 269 85 137 95 121
89 735 269 269 89 145 91 113
265 469 269 269 89 147 89 111
181 1 269 269 89 141 89 117
283 581 269 269 87 146 89 109
375 347 269 269 84 140 91 105
381 229 269 269 83 127 93 99
463 113 269 269 85 114 93 97
363 691 269 269 81 104 101 91
443 453 269 269 76 103 107 89
557 97 269 269 75 117 109 85
467 329 269 269 75 138 109 87
547 1 269 269 77 156 115 95
373 569 269 269 86 177 109 89
273 715 269 269 98 158 89 109
1 493 269 269 89 144 81 121
173 849 269 269 79 148 91 111
475 211 269 269 77 173 109 85
779 1 269 269 76 183 113 77
663 1 269 269 75 186 115 77
1 735 269 269 90 144 87 115
191 237 269 269 93 138 87 117
1 125 269 269 96 127 85 123
87 851 269 269 94 139 85 115
1 851 269 269 92 144 85 115
181 119 269 269 89 141 87 117
193 603 269 269 88 145 89 111
359 1 269 269 93 138 87 115
1 1 269 269 94 127 87 123
271 1 269 269 93 138 87 115
103 613 269 269 88 144 89 113
355 459 269 269 89 149 87 109
