30
497 1101 395 395 71 32 231 327
281 1101 395 395 83 17 215 339
567 1 395 395 84 11 209 343
1 377 395 395 33 5 293 373
1 1117 395 395 48 8 279 361
1 1 395 395 40 0 291 375
293 1 395 395 47 0 273 371
1 751 395 395 43 4 279 365
1 1479 395 395 39 14 293 357
295 373 395 395 35 31 289 343
281 751 395 395 29 39 299 349
295 1441 395 395 24 62 307 333
729 1039 395 395 18 81 317 305
603 1429 395 395 15 72 323 323
585 345 395 395 16 60 327 319
777 1 395 395 4 76 341 305
581 717 395 395 0 61 349 321
741 1753 395 395 32 145 321 239
535 1775 395 395 86 132 205 255
927 1533 395 395 86 159 205 185
913 307 395 395 88 168 107 115
1293 1699 395 395 67 163 133 117
913 423 395 395 61 160 201 105
1063 1899 395 395 58 159 219 121
1063 1719 395 395 53 151 229 179
927 1345 395 395 44 146 241 187
281 1837 395 395 35 137 253 205
1 1837 395 395 29 138 279 207
1133 1533 395 395 23 139 259 165
1283 1899 395 395 56 191 185 117
