39
1 1 348 269 61 118 214 143
1 295 348 269 98 118 176 151
375 159 348 269 114 119 158 143
608 1 348 269 105 110 160 159
198 149 348 269 83 102 176 165
769 1 348 269 90 107 148 153
427 1 348 269 65 103 180 157
1 145 348 269 68 106 196 149
216 1 348 269 59 100 210 147
533 379 348 269 140 141 70 107
458 411 348 269 138 135 74 107
769 473 348 269 138 131 76 103
852 327 348 269 136 126 80 109
933 427 348 269 136 123 80 99
769 155 348 269 133 118 84 105
918 109 348 269 134 113 84 107
605 265 348 269 134 108 84 103
854 217 348 269 134 103 82 109
604 471 348 269 136 100 80 99
688 373 348 269 136 95 80 105
850 437 348 269 138 91 76 107
604 571 348 269 138 85 74 103
534 269 348 269 140 80 70 109
846 545 348 269 141 77 70 99
533 487 348 269 142 73 70 105
458 303 348 269 140 68 74 107
690 269 348 269 137 63 78 103
937 317 348 269 135 58 80 109
937 217 348 269 135 54 82 99
769 261 348 269 136 50 82 105
918 1 348 269 134 45 84 107
605 161 348 269 134 40 84 103
375 303 348 269 136 35 82 109
605 369 348 269 135 30 82 101
769 367 348 269 135 27 80 105
690 161 348 269 137 22 78 107
685 479 348 269 140 17 74 103
534 159 348 269 142 12 70 109
927 527 348 269 141 9 70 99
