40
385 55 269 269 98 105 121 69
385 125 269 269 99 102 117 67
201 55 269 269 29 97 183 81
1 107 269 269 34 93 173 81
1 189 269 269 42 86 159 123
161 245 269 269 51 78 143 125
383 247 269 269 60 58 127 135
383 383 269 269 72 56 109 125
1 313 269 269 84 50 91 117
393 509 269 269 97 43 73 109
235 569 269 269 108 35 69 101
93 395 269 269 118 30 65 91
93 313 269 269 119 26 67 81
157 603 269 269 118 26 69 69
313 563 269 269 117 26 71 69
161 371 269 269 108 25 87 71
385 193 269 269 94 33 115 53
161 191 269 269 79 33 145 53
175 137 269 269 65 33 173 53
1 53 269 269 52 32 199 53
235 1 269 269 42 31 219 53
1 1 269 269 35 32 233 51
235 515 269 269 112 30 77 53
315 509 269 269 112 29 77 53
1 593 269 269 112 28 77 53
79 541 269 269 112 27 77 53
157 497 269 269 112 26 77 53
237 461 269 269 112 26 77 53
1 539 269 269 112 25 77 53
79 487 269 269 112 25 77 53
159 443 269 269 112 26 77 53
249 407 269 269 112 29 77 53
79 595 269 269 112 34 77 51
1 485 269 269 112 37 77 53
1 431 269 269 112 42 77 53
305 353 269 269 112 47 77 53
305 299 269 269 112 52 77 53
305 245 269 269 112 56 77 53
157 551 269 269 112 60 77 51
307 191 269 269 112 59 77 53
