38
1 655 269 269 67 135 115 121
649 367 269 269 81 124 109 133
501 487 269 269 101 128 97 129
369 583 269 269 109 138 95 119
243 601 269 269 110 140 95 117
921 267 269 269 96 128 99 129
831 1 269 269 43 111 125 145
439 1 269 269 31 131 135 127
143 197 269 269 33 137 135 119
123 549 269 269 59 137 119 119
575 125 269 269 55 126 125 121
291 119 269 269 47 103 135 121
295 1 269 269 42 75 143 117
149 1 269 269 40 45 145 115
1 73 269 269 43 27 145 105
1 179 269 269 47 22 141 91
147 117 269 269 47 31 143 79
1 1 269 269 46 60 147 71
279 241 269 269 70 44 123 129
1 271 269 269 62 85 129 135
553 247 269 269 65 135 123 119
125 441 269 269 67 152 123 107
403 363 269 269 68 127 123 113
403 249 269 269 68 105 123 113
255 371 269 269 67 128 123 109
379 477 269 269 66 153 121 105
527 367 269 269 59 137 121 119
799 267 269 269 63 137 121 119
829 147 269 269 64 137 123 119
427 129 269 269 61 137 125 119
703 1 269 269 56 136 127 121
575 1 269 269 53 136 127 123
703 123 269 269 52 134 125 123
1 407 269 269 50 131 123 123
131 317 269 269 48 129 123 123
1 531 269 269 52 131 121 123
677 247 269 269 55 136 121 119
249 481 269 269 59 137 119 119
