49
185 435 81 41 1 11 79 19
183 1 269 269 88 151 91 107
211 911 269 269 87 149 93 109
183 459 269 269 89 149 91 109
273 569 269 269 92 149 89 109
193 801 269 269 89 149 93 109
305 907 269 269 92 149 91 109
93 347 269 269 93 147 91 111
1 351 269 269 94 145 91 113
1 1 269 269 93 141 93 117
89 465 269 269 89 147 93 111
1 917 269 269 75 153 105 105
277 321 269 269 69 157 109 101
275 435 269 269 70 155 109 103
107 915 269 269 77 151 103 107
91 805 269 269 80 149 101 109
99 691 269 269 82 149 99 109
1 693 269 269 84 147 97 111
87 579 269 269 88 147 93 111
287 797 269 269 89 149 91 109
271 215 269 269 90 153 89 105
269 109 269 269 86 150 93 105
177 223 269 269 84 140 93 105
367 1 269 269 85 129 93 97
461 1 269 269 84 116 95 95
457 99 269 269 82 107 97 95
385 423 269 269 77 105 99 93
363 539 269 269 75 116 99 93
387 313 269 269 77 138 103 91
361 215 269 269 76 156 115 97
555 97 269 269 86 178 107 83
363 107 269 269 94 157 93 97
1 579 269 269 86 145 85 113
291 679 269 269 82 148 87 109
477 195 269 269 87 166 99 89
557 1 269 269 88 176 101 81
659 1 269 269 87 182 103 77
199 687 269 269 89 149 91 109
1 235 269 269 94 140 87 115
1 119 269 269 95 135 87 115
1 465 269 269 94 141 87 113
1 805 269 269 91 148 89 111
185 329 269 269 88 153 91 105
181 577 269 269 89 148 91 109
89 233 269 269 94 140 87 113
95 1 269 269 95 137 87 113
89 119 269 269 94 140 87 113
177 115 269 269 89 149 91 107
275 1 269 269 89 153 91 105
