20
319 793 348 269 119 159 98 65
184 893 348 269 93 122 182 119
616 167 348 269 76 88 248 165
367 167 348 269 76 88 248 165
748 1 348 269 76 88 248 165
319 619 348 269 129 125 70 107
319 339 348 269 114 79 112 171
160 651 348 269 98 28 158 241
160 409 348 269 98 28 158 241
160 167 348 269 98 28 158 241
319 727 348 269 130 159 98 65
1 893 348 269 72 122 182 119
499 1 348 269 23 88 248 165
250 1 348 269 23 88 248 165
1 1 348 269 23 88 248 165
319 511 348 269 148 125 70 107
865 167 348 269 121 79 112 171
1 651 348 269 91 28 158 241
1 409 348 269 91 28 158 241
1 167 348 269 91 28 158 241
