43
567 573 475 269 144 145 155 113
567 687 475 269 153 143 153 115
1 825 475 269 164 141 151 117
763 751 475 269 171 143 151 115
611 803 475 269 174 143 151 115
459 805 475 269 174 143 151 115
307 805 475 269 174 143 151 115
723 635 475 269 173 143 153 115
259 481 475 269 152 139 151 119
643 1 475 269 98 143 175 115
217 1 475 269 63 145 213 113
1 1 475 269 64 145 215 113
431 1 475 269 65 143 211 115
409 689 475 269 128 143 151 115
723 521 475 269 141 145 155 113
641 231 475 269 133 138 159 113
153 825 475 269 125 117 153 115
117 399 475 269 145 78 141 129
1 399 475 269 179 58 115 159
1 559 475 269 176 49 123 149
125 233 475 269 172 45 131 129
125 529 475 269 178 57 127 119
1 233 475 269 194 62 123 157
259 357 475 269 164 106 151 123
411 233 475 269 153 174 159 95
819 1 475 269 155 176 163 93
801 299 475 269 157 167 159 99
1 709 475 269 164 150 155 115
257 233 475 269 169 143 153 123
569 345 475 269 158 159 157 105
819 95 475 269 154 179 163 89
567 451 475 269 140 138 155 121
161 115 475 269 135 138 159 117
801 185 475 269 132 138 159 113
1 115 475 269 129 138 159 117
727 399 475 269 129 138 155 121
253 601 475 269 128 139 155 119
411 329 475 269 128 139 157 117
481 117 475 269 129 138 159 115
641 117 475 269 132 137 159 113
321 117 475 269 135 139 159 115
411 569 475 269 140 137 155 119
411 447 475 269 141 137 155 121
