43
187 913 348 269 125 157 78 101
84 621 348 269 118 156 86 101
1 295 348 269 98 143 108 115
366 113 348 269 94 125 114 133
144 1 348 269 97 113 114 145
259 1 348 269 106 111 106 147
1 147 348 269 112 111 102 147
104 147 348 269 116 111 98 147
1 1 348 269 67 113 142 145
366 1 348 269 63 147 140 111
344 247 348 269 63 165 142 93
203 245 348 269 64 163 140 95
203 149 348 269 57 162 146 95
165 779 348 269 122 159 80 99
1 833 348 269 124 157 78 101
84 723 348 269 122 148 80 103
118 411 348 269 120 121 84 111
415 341 348 269 118 86 88 117
110 295 348 269 115 51 92 115
203 341 348 269 112 25 94 115
1 505 348 269 111 12 94 111
96 523 348 269 112 21 94 97
252 753 348 269 119 65 104 81
298 341 348 269 119 126 116 89
1 411 348 269 119 174 116 93
80 929 348 269 113 187 106 79
357 831 348 269 117 174 102 79
351 911 348 269 115 152 104 77
246 835 348 269 115 139 104 77
357 753 348 269 113 164 106 77
355 673 348 269 111 188 108 79
1 729 348 269 125 155 78 103
373 565 348 269 124 151 80 107
298 431 348 269 123 149 86 109
1 617 348 269 126 148 82 111
203 457 348 269 126 150 84 109
288 541 348 269 126 152 84 105
385 459 348 269 126 150 84 105
191 567 348 269 126 148 82 107
274 647 348 269 126 149 80 105
171 675 348 269 124 151 80 103
266 913 348 269 125 156 78 99
80 827 348 269 124 157 78 101
