24
134 390 63 55 1 1 61 53
0 460 760 570 283 6 202 30
602 311 78 79 0 0 78 79
602 232 78 79 0 0 78 79
0 0 760 570 0 338 760 232
0 232 760 570 626 340 134 228
592 390 78 79 0 0 78 79
524 311 78 79 0 0 78 79
524 232 78 79 0 0 78 79
514 390 78 79 0 0 78 79
446 311 78 79 0 0 78 79
446 232 78 79 0 0 78 79
436 390 78 79 0 0 78 79
368 311 78 79 0 0 78 79
368 232 78 79 0 0 78 79
358 390 78 79 0 0 78 79
290 311 78 79 0 0 78 79
290 232 78 79 0 0 78 79
280 390 78 79 0 0 78 79
212 311 78 79 0 0 78 79
212 232 78 79 0 0 78 79
202 390 78 79 0 0 78 79
134 311 78 79 0 0 78 79
134 232 78 79 0 0 78 79
