103
279 251 269 269 115 139 59 119
1 683 269 269 116 127 71 131
1 277 269 269 116 121 83 137
1 415 269 269 116 123 95 135
97 413 269 269 115 129 85 129
1 1 269 269 116 121 93 137
1 139 269 269 115 121 85 137
87 139 269 269 116 125 95 133
85 277 269 269 116 123 91 135
95 1 269 269 115 127 101 131
351 649 269 269 116 135 81 123
183 133 269 269 115 131 95 127
81 551 269 269 115 129 93 129
1 815 269 269 114 129 109 129
177 671 269 269 114 133 85 125
257 527 269 269 114 133 79 125
183 401 269 269 114 133 91 125
73 683 269 269 115 129 103 129
111 813 269 269 115 129 87 129
1 551 269 269 114 127 79 131
175 543 269 269 114 131 81 127
199 797 269 269 114 135 93 123
337 525 269 269 113 135 87 123
177 273 269 269 113 131 101 127
197 1 269 269 113 131 93 127
263 653 269 269 114 135 87 123
425 487 269 269 113 143 95 115
433 649 269 269 113 143 89 115
453 765 269 269 112 145 81 113
435 239 269 269 113 141 83 117
297 901 269 269 113 137 95 121
393 897 269 269 112 137 91 121
449 119 269 269 112 143 103 115
625 465 269 269 113 147 85 111
355 121 269 269 113 141 93 117
381 1 269 269 112 141 91 117
275 401 269 269 112 135 107 123
379 773 269 269 112 135 73 123
279 129 269 269 111 137 75 121
293 777 269 269 111 135 85 123
291 1 269 269 111 139 89 119
521 473 269 269 111 145 103 113
339 251 269 269 110 141 95 117
571 1 269 269 111 143 73 115
519 235 269 269 111 143 77 115
553 117 269 269 111 143 73 115
645 1 269 269 110 145 83 113
729 341 269 269 111 149 79 109
787 225 269 269 109 151 93 107
683 231 269 269 110 149 103 109
559 351 269 269 110 145 93 113
473 357 269 269 110 143 85 115
383 369 269 269 109 141 89 117
523 649 269 269 109 145 73 113
711 459 269 269 109 149 79 109
535 763 269 269 109 147 91 111
627 117 269 269 108 145 83 113
653 347 269 269 109 147 75 111
729 1 269 269 108 149 85 109
597 649 269 269 109 147 85 111
711 115 269 269 108 149 97 109
597 233 269 269 108 145 85 113
473 1 269 269 108 143 97 115
485 879 269 269 109 147 93 111
941 579 269 269 109 165 63 93
791 521 269 269 109 167 63 91
815 1 269 269 109 155 63 103
809 427 269 269 107 165 65 93
875 489 269 269 107 167 65 91
875 395 269 269 107 165 65 93
941 487 269 269 107 167 65 91
809 111 269 269 107 155 65 103
941 395 269 269 107 167 65 91
921 161 269 269 107 163 65 95
809 333 269 269 107 165 65 93
627 761 269 269 116 147 45 101
671 863 269 269 114 123 51 99
733 569 269 269 116 92 55 95
855 581 269 269 114 62 63 87
1 945 269 269 110 39 75 75
165 943 269 269 108 23 83 67
529 587 269 269 107 20 89 61
921 49 269 269 105 65 99 45
921 95 269 269 104 134 93 65
77 945 269 269 104 189 87 73
921 1 269 269 106 215 101 47
875 349 269 269 105 212 103 45
881 303 269 269 103 203 103 45
619 587 269 269 104 198 101 47
881 257 269 269 104 207 103 45
425 603 269 269 105 215 103 45
625 875 269 269 115 156 45 101
579 875 269 269 117 154 45 101
249 921 269 269 117 153 47 101
683 635 269 269 117 156 49 99
673 761 269 269 118 159 49 99
789 613 269 269 117 161 51 97
841 669 269 269 118 158 49 97
733 665 269 269 117 156 49 97
891 669 269 269 117 154 47 97
723 763 269 269 117 154 45 99
783 711 269 269 115 157 45 99
875 105 269 269 115 157 45 101
