24
534 148 760 570 257 88 460 148
0 0 760 570 220 9 534 552
818 296 760 570 585 88 172 86
0 552 760 570 111 110 550 328
550 586 760 570 151 217 112 112
534 408 760 570 271 217 112 112
534 296 760 570 391 217 112 112
448 880 760 570 511 217 112 112
336 880 760 570 151 217 112 112
224 880 760 570 271 217 112 112
112 880 760 570 391 217 112 112
0 880 760 570 511 217 112 112
534 0 760 570 257 88 460 148
646 296 760 570 585 88 172 88
646 384 760 570 586 170 160 74
818 382 760 570 587 172 160 74
210 992 760 570 441 113 84 32
0 992 760 570 421 113 124 32
124 992 760 570 439 113 86 32
294 992 760 570 446 113 72 32
560 522 760 570 339 353 146 64
792 520 760 570 339 353 146 64
646 458 760 570 492 353 146 64
806 456 760 570 492 353 146 64
