38
717 115 348 269 147 97 100 163
595 779 348 269 124 81 108 179
845 795 348 269 50 63 166 197
396 749 348 269 33 91 198 169
174 249 348 269 37 115 192 145
524 115 348 269 37 121 192 139
818 151 348 269 37 119 192 141
367 255 348 269 43 109 190 151
1 385 348 269 60 97 170 163
1 549 348 269 70 95 154 165
305 571 348 269 84 85 140 167
255 739 348 269 84 61 140 171
704 793 348 269 86 31 140 173
446 581 348 269 89 9 150 167
713 293 348 269 90 0 162 151
351 111 348 269 92 2 172 137
1 107 348 269 94 17 176 129
178 109 348 269 108 27 172 135
1 237 348 269 107 35 172 147
558 255 348 269 109 76 154 159
858 1 348 269 110 120 144 149
178 1 348 269 100 162 162 107
341 1 348 269 97 151 172 107
1 1 348 269 98 133 176 105
514 1 348 269 98 145 174 109
689 1 348 269 101 156 168 113
876 293 348 269 80 94 138 165
597 611 348 269 87 90 122 167
865 625 348 269 93 87 116 169
1 715 348 269 90 88 120 169
122 725 348 269 84 91 132 169
720 625 348 269 79 93 144 167
653 445 348 269 78 92 154 165
808 459 348 269 79 88 160 165
335 407 348 269 80 87 162 163
172 395 348 269 76 90 162 163
498 415 348 269 75 93 154 165
156 559 348 269 76 95 148 165
