59
94 783 63 63 2 10 61 43
1 961 63 63 2 9 61 45
687 461 63 63 0 9 63 45
63 961 63 63 0 10 63 43
156 783 63 63 0 12 63 39
1 621 348 269 118 154 96 107
592 461 348 269 120 150 94 111
844 517 348 269 124 148 90 113
181 823 348 269 126 146 88 115
90 843 348 269 124 146 90 115
440 115 348 269 124 150 132 111
291 223 348 269 127 154 132 107
863 59 348 269 128 152 136 109
150 1 348 269 119 152 148 109
213 525 348 269 118 154 98 107
312 553 348 269 120 152 94 109
1 729 348 269 123 148 92 113
110 441 348 269 122 148 102 113
573 221 348 269 127 154 122 107
724 111 348 269 120 150 134 111
150 111 348 269 124 148 140 113
1 1 348 269 121 150 148 111
299 1 348 269 128 154 144 107
424 227 348 269 120 150 120 111
142 225 348 269 124 148 130 113
585 1 348 269 121 150 138 111
585 113 348 269 128 154 134 107
299 109 348 269 121 148 140 113
444 1 348 269 124 148 140 113
443 531 348 269 120 152 94 109
344 445 348 269 118 154 98 107
104 555 348 269 120 144 96 107
751 495 348 269 125 120 92 105
201 633 348 269 126 91 94 101
1 519 348 269 122 57 102 101
801 287 348 269 125 29 102 99
491 435 348 269 129 14 100 95
239 435 348 269 129 17 104 89
1 349 348 269 125 56 110 85
1 435 348 269 121 118 108 83
1 273 348 269 113 170 124 75
724 59 348 269 101 206 138 51
1 167 348 269 99 201 140 53
863 1 348 269 99 191 138 57
724 1 348 269 98 186 138 57
1 113 348 269 97 198 140 53
1 221 348 269 97 208 140 51
650 345 348 269 116 148 100 115
696 223 348 269 113 134 104 121
859 169 348 269 114 124 106 117
904 287 348 269 122 120 100 119
98 663 348 269 132 120 92 119
1 843 348 269 136 119 88 117
852 407 348 269 132 119 92 109
386 339 348 269 122 120 104 105
126 339 348 269 114 124 112 101
273 331 348 269 112 134 112 103
545 329 348 269 116 147 104 105
751 387 348 269 117 154 100 107
