48
1 577 269 269 101 159 63 99
65 645 269 269 105 159 57 99
273 587 269 269 113 159 53 99
189 643 269 269 119 159 51 99
131 627 269 269 118 159 57 99
401 391 269 269 118 159 61 99
67 545 269 269 119 159 63 99
241 441 269 269 119 160 65 97
173 427 269 269 118 160 67 97
307 487 269 269 118 159 59 99
151 525 269 269 98 158 63 101
315 141 269 269 75 160 91 99
1 181 269 269 70 163 93 97
197 223 269 269 78 161 89 99
441 1 269 269 99 160 69 99
335 389 269 269 99 161 65 97
373 241 38 38 3 5 32 28
335 343 38 38 0 7 36 24
407 141 38 38 9 3 20 34
197 143 38 38 12 1 14 36
267 343 269 269 97 148 67 97
1 381 269 269 97 117 83 97
407 201 269 269 108 86 91 87
111 53 269 269 106 42 103 89
329 57 269 269 100 13 105 83
1 93 269 269 90 9 101 87
223 45 269 269 83 20 105 83
215 129 269 269 83 33 99 93
103 143 269 269 88 66 93 99
1 279 269 269 96 111 87 101
183 323 269 269 98 157 83 103
1 1 269 269 75 223 111 45
113 1 269 269 75 195 109 51
333 1 269 269 76 166 107 55
1 47 269 269 74 196 109 45
223 1 269 269 74 221 109 43
215 539 269 269 102 156 57 103
367 491 269 269 108 152 55 103
451 289 269 269 108 149 59 101
1 677 269 269 109 151 55 103
423 491 269 269 104 156 53 103
1 479 269 269 99 161 65 97
373 289 269 269 92 157 77 99
287 241 269 269 88 152 85 101
95 243 269 269 88 149 87 101
89 345 269 269 90 152 83 101
435 101 269 269 94 157 73 99
85 447 269 269 99 161 65 97
