38
1 375 348 269 131 82 90 177
184 869 348 269 137 122 150 137
1 197 348 269 129 82 120 177
1 1 348 269 45 64 178 195
1 553 348 269 27 94 186 165
1 877 348 269 31 122 182 137
424 627 348 269 35 138 178 121
482 749 348 269 40 142 174 117
810 1 348 269 60 150 162 109
657 719 348 269 72 142 152 117
607 1 348 269 74 139 150 117
434 115 348 269 76 132 148 115
335 811 348 269 79 112 146 123
207 357 348 269 83 89 142 135
128 719 348 269 89 68 136 149
180 1 348 269 95 52 130 157
1 719 348 269 100 45 126 157
311 1 348 269 109 69 122 127
386 231 348 269 116 76 114 117
122 197 348 269 116 81 112 159
92 375 348 269 117 97 114 165
343 493 348 269 125 118 114 133
732 119 348 269 128 145 132 91
235 289 348 269 126 168 142 61
474 935 348 269 126 178 142 69
335 935 348 269 129 177 138 87
434 1 348 269 72 146 150 113
507 345 348 269 72 143 148 113
501 231 348 269 73 140 148 113
583 119 348 269 72 145 148 111
650 231 348 269 74 147 146 113
458 479 348 269 74 138 148 121
235 159 348 269 75 125 150 129
188 541 348 269 74 115 154 135
265 677 348 269 72 113 158 133
350 351 348 269 72 123 156 127
617 867 348 269 73 136 152 117
603 601 348 269 72 142 152 117
