38
1 457 269 269 83 175 91 83
367 495 269 269 85 173 89 85
1 627 269 269 89 173 85 85
91 591 269 269 90 173 85 85
363 581 269 269 92 175 85 83
367 409 269 269 85 173 89 85
285 1 269 269 49 175 123 83
149 1 269 269 36 178 135 81
1 1 269 269 26 175 147 83
93 419 269 269 83 175 91 83
193 317 269 269 82 161 91 85
183 575 269 269 82 129 85 89
277 403 269 269 83 88 89 93
409 71 269 269 80 51 99 89
149 83 269 269 78 24 103 77
1 85 269 269 73 8 103 63
1 149 269 269 71 5 103 55
203 243 269 269 78 9 95 73
105 161 269 269 75 44 97 89
399 161 269 269 75 114 97 79
409 1 269 269 75 175 101 69
301 161 269 269 73 178 97 79
203 161 269 269 73 170 97 81
301 241 269 269 76 169 95 77
1 205 269 269 75 171 97 81
253 85 269 269 73 183 99 75
1 287 269 269 83 173 91 85
93 503 269 269 85 169 89 87
185 487 269 269 85 167 89 87
275 497 269 269 86 169 87 87
1 541 269 269 84 173 89 85
185 403 269 269 82 175 91 83
377 325 269 269 83 173 91 83
285 319 269 269 82 170 91 83
397 241 269 269 82 168 91 83
99 251 269 269 81 170 93 83
1 373 269 269 83 173 91 83
93 335 269 269 83 175 91 83
