63
529 435 269 269 87 156 91 99
531 319 269 269 89 156 89 99
547 209 269 269 93 156 85 99
637 1 269 269 96 156 83 99
533 635 269 269 98 156 81 99
569 535 269 269 99 156 79 99
619 111 269 269 101 158 77 97
615 635 269 269 102 158 75 97
595 835 269 269 103 158 73 97
665 733 269 269 105 158 71 97
587 735 269 269 100 156 77 99
307 761 269 269 86 150 89 105
113 869 269 269 62 148 105 107
443 1 269 269 48 146 107 109
421 323 269 269 40 146 109 111
335 1 269 269 46 147 107 109
113 761 269 269 57 148 105 107
309 867 269 269 69 152 101 103
397 757 269 269 80 154 95 101
477 535 269 269 86 156 91 99
437 435 269 269 86 147 91 99
493 757 269 269 85 122 93 99
431 111 269 269 84 90 95 97
335 111 269 269 85 54 95 97
901 73 269 269 88 24 95 93
801 79 269 269 94 6 95 87
697 187 269 269 103 4 95 81
705 927 269 269 118 33 95 93
897 247 269 269 111 124 93 77
801 251 269 269 100 192 85 77
335 703 269 269 108 214 99 53
411 961 269 269 108 194 99 61
901 1 269 269 109 163 99 71
801 1 269 269 109 144 99 77
511 957 269 269 109 179 99 65
435 703 269 269 110 216 97 53
721 1 269 269 100 7 69 79
225 209 269 269 104 6 67 123
113 467 269 269 97 4 73 155
1 1 269 269 84 4 99 265
1 523 269 269 78 2 111 241
1 267 269 269 78 2 111 255
101 1 269 269 78 3 111 249
1 765 269 269 78 3 111 229
113 251 269 269 78 3 111 215
213 1 269 269 78 3 121 207
335 601 269 269 72 114 141 101
293 209 269 269 60 113 167 113
225 333 269 269 46 121 195 121
113 623 269 269 34 128 221 137
187 467 269 269 20 136 249 133
669 831 269 269 87 160 91 95
611 933 269 269 87 167 93 89
801 167 269 269 87 173 95 83
897 167 269 269 88 177 95 79
697 101 269 269 87 168 95 85
527 111 269 269 91 148 91 97
219 761 269 269 94 128 87 107
551 1 269 269 95 121 85 109
461 209 269 269 95 126 85 109
219 869 269 269 90 138 89 105
411 859 269 269 87 150 91 101
503 857 269 269 86 156 91 99
