29
291 1 269 269 68 103 129 165
277 187 269 269 68 99 129 165
407 167 269 269 71 89 127 165
373 353 269 269 72 77 127 165
421 1 269 269 66 67 141 163
501 333 269 269 59 63 155 159
381 519 269 269 57 59 161 159
535 165 269 269 54 64 167 157
543 493 269 269 57 85 167 143
269 899 269 269 60 113 167 123
563 1 269 269 67 107 157 151
269 737 269 269 66 108 157 161
427 679 269 269 68 113 155 149
831 129 269 269 57 127 169 127
657 323 269 269 57 124 173 137
831 1 269 269 73 136 169 127
831 257 269 269 84 136 167 131
1 379 269 269 64 82 135 185
1 1 269 269 60 76 143 189
1 191 269 269 57 76 149 187
145 1 269 269 59 80 145 185
129 749 269 269 62 88 139 179
251 559 269 269 68 91 129 177
151 187 269 269 71 88 125 175
253 363 269 269 75 80 119 175
137 379 269 269 78 74 115 179
131 565 269 269 75 76 119 179
1 749 269 269 69 82 127 181
1 565 269 269 68 85 129 183
