38
1 377 269 269 66 151 109 107
111 461 269 269 80 155 105 103
225 381 269 269 89 153 109 105
113 297 269 269 95 165 111 93
335 415 269 269 104 167 103 91
241 283 269 269 84 161 111 97
355 275 269 269 53 120 111 139
387 151 269 269 38 140 115 123
1 111 269 269 35 145 125 119
319 507 269 269 73 147 99 111
1 485 269 269 73 139 103 109
127 115 269 269 74 119 113 111
137 1 269 269 74 93 131 113
1 1 269 269 78 69 135 109
269 1 269 269 87 52 121 97
105 565 269 269 94 35 101 89
307 729 269 269 90 23 97 105
1 667 269 269 89 32 97 119
217 487 269 269 89 52 101 135
1 231 269 269 86 81 111 145
391 1 269 269 81 117 119 149
269 99 269 269 77 154 117 113
127 227 269 269 74 180 113 69
1 595 269 269 75 169 101 71
111 391 269 269 76 184 107 69
241 213 269 269 77 198 113 69
299 835 269 269 82 146 91 111
405 731 269 269 83 144 91 111
193 843 269 269 85 143 89 111
1 899 269 269 83 145 91 111
1 787 269 269 82 147 91 111
419 619 269 269 81 147 91 111
203 733 269 269 77 147 95 109
103 655 269 269 75 144 99 109
207 623 269 269 75 143 99 109
319 619 269 269 75 144 99 109
99 765 269 269 79 147 93 109
419 507 269 269 81 147 91 111
