29
349 343 348 269 93 160 122 101
1 913 348 269 80 147 144 109
472 343 348 269 76 132 148 115
166 785 348 269 73 112 152 123
341 1 348 269 61 90 164 129
168 449 348 269 59 67 166 137
176 211 348 269 65 53 160 137
337 211 348 269 64 47 162 131
319 711 348 269 69 49 162 119
1 629 348 269 59 38 170 155
174 1 348 269 62 31 166 209
1 1 348 269 59 35 172 227
1 229 348 269 62 32 174 219
1 449 348 269 68 57 166 179
1 785 348 269 69 102 164 127
176 349 348 269 69 149 172 97
555 925 348 269 66 170 188 93
285 909 348 269 82 146 140 113
436 569 348 269 84 137 136 119
335 447 348 269 85 132 136 121
172 587 348 269 88 133 132 123
305 587 348 269 90 137 130 123
426 831 348 269 94 140 128 119
555 807 348 269 94 137 132 117
482 689 348 269 88 133 140 117
573 567 348 269 86 131 144 115
623 683 348 269 84 138 144 111
472 459 348 269 83 146 142 107
146 913 348 269 85 150 138 109
