103
853 365 269 269 105 193 63 65
789 365 269 269 105 193 63 65
917 355 269 269 105 193 63 65
853 299 269 269 105 193 63 65
789 299 269 269 105 193 63 65
1 571 269 269 105 193 63 65
67 569 269 269 105 193 63 65
657 431 269 269 105 195 63 63
917 421 269 269 105 195 63 63
723 367 269 269 105 195 63 63
137 547 269 269 105 193 63 65
207 497 269 269 106 193 63 65
593 297 269 269 104 193 65 65
441 361 269 269 104 193 65 65
1 505 269 269 104 193 65 65
71 501 269 269 104 191 65 67
141 479 269 269 105 191 65 67
957 219 269 269 105 191 65 67
213 429 269 269 103 191 67 67
291 417 269 269 103 191 67 67
373 361 269 269 104 191 67 67
525 297 269 269 104 191 67 67
457 293 269 269 104 191 67 67
387 293 269 269 102 191 69 67
1 437 269 269 103 191 69 67
73 371 269 269 103 191 69 67
953 287 269 269 103 191 69 67
231 297 269 269 102 191 71 67
1 369 269 269 102 191 71 67
77 301 269 269 102 189 71 69
619 227 269 269 101 189 73 69
491 223 269 269 101 189 73 69
417 223 269 269 101 189 73 69
239 225 269 269 101 187 73 71
81 229 269 269 100 187 75 71
163 225 269 269 100 187 75 71
1 299 269 269 100 189 75 69
339 223 269 269 99 189 77 69
497 153 269 269 99 189 77 69
419 153 269 269 99 189 77 69
339 153 269 269 98 189 79 69
259 153 269 269 98 187 79 71
1 227 269 269 98 187 79 71
83 155 269 269 98 185 79 73
871 225 269 269 97 185 81 73
789 225 269 269 97 185 81 73
1 155 269 269 97 187 81 71
177 153 269 269 98 187 81 71
705 225 269 269 96 187 83 71
873 151 269 269 96 185 83 73
789 151 269 269 97 185 83 73
621 151 269 269 97 183 83 75
705 151 269 269 97 185 83 73
879 77 269 269 95 185 85 73
793 77 269 269 95 185 85 73
535 77 269 269 96 183 85 75
707 77 269 269 96 185 85 73
621 77 269 269 96 185 85 73
449 77 269 269 96 183 85 75
89 79 269 269 94 183 87 75
1 79 269 269 95 183 87 75
265 79 269 269 95 185 87 73
361 77 269 269 95 183 87 75
899 1 269 269 95 183 87 75
811 1 269 269 95 183 87 75
177 79 269 269 95 185 87 73
721 1 269 269 94 183 89 75
271 1 269 269 94 181 89 77
631 1 269 269 94 183 89 75
181 1 269 269 94 181 89 77
541 1 269 269 94 183 89 75
91 1 269 269 94 181 89 77
451 1 269 269 94 183 89 75
1 1 269 269 94 181 89 77
361 1 269 269 94 183 89 75
201 563 269 269 106 181 61 67
345 495 269 269 106 153 61 69
571 433 269 269 106 116 61 71
721 431 269 269 107 76 59 73
565 223 269 269 111 42 53 73
965 147 269 269 108 19 55 71
965 77 269 269 107 13 57 69
659 297 269 269 105 54 65 63
71 439 269 269 104 134 69 61
507 365 269 269 105 189 63 69
157 297 269 269 105 212 73 57
149 355 269 269 105 205 71 61
221 365 269 269 103 193 69 63
143 417 269 269 103 189 69 61
303 353 269 269 105 198 69 63
313 293 269 269 105 210 73 59
407 495 269 269 107 192 61 65
271 551 269 269 107 188 61 67
593 363 269 269 106 185 63 69
505 435 269 269 108 186 61 69
659 361 269 269 107 189 63 69
725 297 269 269 107 189 63 69
441 427 269 269 107 188 63 67
1 637 269 269 108 187 61 65
281 485 269 269 106 186 63 65
65 635 269 269 107 188 61 65
131 613 269 269 107 191 61 65
359 429 269 269 105 193 63 65
