45
398 1133 269 269 113 143 53 61
398 1057 269 269 105 137 69 75
149 1539 269 269 95 122 87 99
425 1483 269 269 85 107 105 113
682 1007 269 269 82 102 117 127
682 869 269 269 84 102 121 137
624 1297 269 269 82 105 129 145
338 1195 269 269 73 106 141 153
662 1135 269 269 71 103 141 161
683 705 269 269 78 100 125 163
568 1443 269 269 82 134 107 95
313 1433 269 269 79 131 111 103
676 1443 269 269 80 140 107 91
313 1537 269 269 87 146 93 75
398 993 269 269 93 153 81 63
313 1349 348 269 105 181 138 83
171 1163 348 269 95 112 166 153
485 837 348 269 81 76 196 191
535 531 348 269 57 96 238 173
268 271 348 269 43 44 266 225
545 1 348 269 43 1 266 267
1 1 348 269 33 2 276 267
545 269 348 269 43 8 266 261
278 1 348 269 43 0 266 269
1 269 348 269 43 1 266 267
1 805 348 269 71 0 212 269
1 537 348 269 51 2 250 267
812 253 348 269 76 16 200 253
252 667 348 269 57 8 232 261
268 497 348 269 39 100 266 169
398 929 269 269 92 199 85 63
452 1365 269 269 79 146 115 117
480 1219 269 269 64 119 143 145
1 1315 269 269 56 113 161 151
480 1029 269 269 46 74 181 189
809 755 269 269 34 37 193 225
812 1 269 269 22 10 205 251
812 507 269 269 30 20 197 247
214 929 269 269 44 28 183 233
804 981 269 269 38 3 189 255
1 1467 269 269 63 13 147 253
163 1317 269 269 61 22 149 221
804 1237 269 269 50 35 167 211
1 1075 269 269 54 24 169 239
485 705 269 269 38 122 197 131
