77
1434 816 760 570 580 231 132 58
1318 874 760 570 580 231 132 58
1710 726 760 570 606 7 148 54
1714 804 760 570 606 7 148 52
1598 856 760 570 606 9 148 52
1566 804 760 570 606 7 148 52
1302 816 760 570 580 231 132 58
1170 816 760 570 580 231 132 58
1562 726 760 570 606 7 148 54
1128 972 760 570 606 7 148 52
1558 952 760 570 4 7 148 54
980 972 760 570 4 7 148 52
1976 100 760 570 64 302 50 50
1976 50 760 570 64 302 50 50
760 72 760 570 55 295 68 116
760 314 760 570 61 415 60 58
760 256 760 570 61 415 60 58
1976 0 760 570 64 356 50 50
760 372 760 570 64 356 50 50
1276 964 760 570 440 327 150 58
1168 882 760 570 439 327 150 58
1450 874 760 570 4 7 148 54
832 972 760 570 4 7 148 52
966 816 760 570 311 274 204 66
964 882 760 570 311 274 204 66
760 882 760 570 311 274 204 66
0 570 760 570 0 0 760 408
1592 188 760 570 43 154 358 216
760 0 760 570 41 152 72 72
760 816 760 570 309 275 206 66
0 1002 760 570 18 211 66 20
832 384 760 570 0 392 760 178
760 188 760 570 49 490 68 68
832 708 760 570 13 462 730 108
1920 408 760 570 42 484 80 80
1426 964 760 570 580 231 132 58
760 718 760 570 1 489 44 74
760 644 760 570 1 489 44 74
760 570 760 570 714 489 44 74
760 496 760 570 714 489 44 74
760 718 760 570 1 309 44 74
760 644 760 570 1 309 44 74
760 422 760 570 714 309 44 74
1976 150 760 570 714 309 44 74
144 1002 760 570 704 394 26 16
118 1002 760 570 704 394 26 16
92 1002 760 570 704 510 26 16
66 1002 760 570 704 510 26 16
832 0 760 570 0 0 760 384
832 652 760 570 0 351 760 56
832 562 760 570 0 302 760 90
1950 314 760 570 40 302 84 94
278 1002 760 570 35 214 12 14
266 1002 760 570 35 214 12 14
254 1002 760 570 35 214 12 14
242 1002 760 570 35 214 12 14
230 1002 760 570 35 214 12 14
218 1002 760 570 35 214 12 14
206 1002 760 570 35 214 12 14
194 1002 760 570 35 214 12 14
182 1002 760 570 35 214 12 14
170 1002 760 570 35 214 12 14
1592 404 760 570 432 73 328 322
1592 0 760 570 342 114 384 188
0 978 760 570 308 357 316 24
1562 780 760 570 307 357 200 24
316 978 760 570 308 357 266 24
582 978 760 570 306 357 250 24
1002 948 760 570 307 357 238 24
1240 940 760 570 306 357 226 24
1762 780 760 570 307 357 136 24
760 948 760 570 308 357 242 24
1466 928 760 570 307 357 200 24
1950 224 760 570 7 121 90 90
290 1012 760 570 549 143 2 10
290 1002 760 570 549 143 2 10
0 0 760 570 0 0 760 570
