91
770 575 760 635 137 11 52 37
980 211 760 635 165 30 30 21
718 575 760 635 137 9 52 39
974 595 760 635 16 7 50 43
980 192 760 635 39 32 32 19
974 552 760 635 15 6 50 43
590 605 760 635 77 8 52 41
980 171 760 635 102 30 32 21
590 562 760 635 77 6 52 43
642 568 760 570 406 475 76 78
514 556 760 570 406 475 76 78
438 556 760 570 406 475 76 78
980 89 760 635 649 7 42 41
980 48 760 635 649 7 42 41
362 556 760 570 526 475 76 78
232 528 760 570 526 475 76 78
156 528 760 570 526 475 76 78
870 107 760 570 66 484 110 68
760 107 760 570 66 484 110 68
308 553 760 635 8 83 54 49
606 513 760 635 7 82 54 49
608 420 760 570 698 0 62 56
614 364 760 570 698 0 62 56
308 602 760 635 200 9 54 37
994 27 760 635 225 30 30 21
606 476 760 635 198 9 56 37
870 39 760 570 213 484 110 68
760 39 760 570 213 484 110 68
862 632 760 635 65 82 46 45
764 657 760 635 65 82 46 45
816 620 760 635 65 82 46 45
718 614 760 635 65 82 46 45
770 612 760 635 65 82 46 45
822 575 760 635 65 82 46 45
642 568 760 570 646 475 76 78
78 528 760 570 645 475 78 78
0 528 760 570 645 475 78 78
896 552 760 570 19 397 78 80
818 495 760 570 19 397 78 80
740 495 760 570 19 397 78 80
662 488 760 570 100 397 78 80
528 476 760 570 100 397 78 80
450 476 760 570 100 397 78 80
372 476 760 570 181 397 78 80
234 448 760 570 181 397 78 80
156 448 760 570 181 397 78 80
78 448 760 570 262 397 78 80
0 448 760 570 262 397 78 80
530 396 760 570 262 397 78 80
452 396 760 570 343 397 78 80
374 396 760 570 343 397 78 80
910 472 760 570 343 397 78 80
840 175 760 570 423 397 80 80
760 175 760 570 423 397 80 80
832 415 760 570 424 397 78 80
754 415 760 570 505 397 78 80
676 408 760 570 505 397 78 80
916 392 760 570 505 397 78 80
838 335 760 570 586 397 78 80
760 335 760 570 586 397 78 80
682 328 760 570 586 397 78 80
916 312 760 570 667 397 78 80
838 255 760 570 667 397 78 80
760 255 760 570 667 397 78 80
920 232 760 570 19 397 78 80
998 253 760 635 590 54 20 25
998 232 760 635 588 56 24 21
980 130 760 635 579 62 42 9
996 0 760 635 587 53 26 27
0 328 760 570 19 398 682 36
0 364 760 570 35 523 614 32
312 448 760 635 700 0 60 57
920 175 760 635 700 0 60 57
312 505 760 570 4 3 56 48
0 0 760 570 0 334 760 236
760 21 760 570 263 10 234 18
0 396 760 570 376 509 374 52
0 236 760 635 0 0 760 57
0 293 760 635 0 44 760 35
994 467 760 635 8 55 20 21
998 278 760 635 224 55 20 21
994 446 760 635 32 55 20 21
994 425 760 635 56 55 20 21
994 404 760 635 80 55 20 21
994 383 760 635 104 55 20 21
994 362 760 635 128 55 20 21
994 341 760 635 152 55 20 21
994 320 760 635 176 55 20 21
998 299 760 635 200 55 20 21
760 0 760 635 8 55 236 21
980 139 34 34 0 1 32 32
