38
71 399 269 269 103 157 65 101
245 209 269 269 104 157 71 101
171 135 269 269 110 161 73 97
1 137 269 269 118 167 75 91
77 211 269 269 121 173 73 85
279 125 269 269 121 175 75 83
427 157 269 269 98 157 71 101
275 453 269 269 87 165 63 93
201 513 269 269 92 161 59 97
453 259 269 269 101 157 57 101
357 359 269 269 104 149 63 99
137 431 269 269 108 121 63 101
387 259 269 269 113 88 65 99
317 259 269 269 117 54 69 95
89 123 269 269 114 29 81 87
1 59 269 269 112 16 87 77
103 55 269 269 109 20 91 67
205 1 269 269 102 67 101 53
307 53 269 269 98 132 97 71
195 55 269 269 102 186 83 79
405 105 269 269 96 215 93 51
405 53 269 269 92 205 97 51
409 1 269 269 89 187 101 51
1 1 269 269 89 172 101 57
103 1 269 269 88 195 101 53
307 1 269 269 88 217 101 51
1 531 269 269 103 156 63 99
291 355 269 269 103 154 65 97
143 333 269 269 104 151 67 97
1 331 269 269 105 152 69 99
151 233 269 269 105 156 71 99
355 157 269 269 106 157 71 101
1 229 269 269 105 156 71 101
73 297 269 269 105 152 69 101
223 311 269 269 104 151 67 99
1 431 269 269 103 154 65 99
211 411 269 269 103 156 63 101
67 501 269 269 103 159 63 99
